# Force         
# CofR          : (0.00000000e+00 0.00000000e+00 0.00000000e+00)
#
# Time          	(total_x total_y total_z)	(pressure_x pressure_y pressure_z)	(viscous_x viscous_y viscous_z)
1               	(3.51580732e+02 -5.51004289e-02 -5.00960262e-01)	(3.46467977e+02 -5.51176927e-02 -5.00909579e-01)	(5.11275481e+00 1.72638255e-05 -5.06828969e-05)
2               	(3.15123411e+02 -1.11931233e-01 -4.85086131e-01)	(3.09953173e+02 -1.11897219e-01 -4.85026719e-01)	(5.17023836e+00 -3.40135130e-05 -5.94113833e-05)
3               	(8.90997724e+01 -8.71366794e-02 -1.37728210e-01)	(8.39455839e+01 -8.70895718e-02 -1.37647663e-01)	(5.15418841e+00 -4.71076587e-05 -8.05466624e-05)
4               	(-1.13161978e+02 -8.27998867e-03 1.91078195e-01)	(-1.18376975e+02 -8.19263980e-03 1.91162246e-01)	(5.21499759e+00 -8.73488651e-05 -8.40508593e-05)
5               	(-1.71029562e+02 8.91307661e-02 2.73944476e-01)	(-1.76370808e+02 8.94460051e-02 2.73998100e-01)	(5.34124557e+00 -3.15239004e-04 -5.36243782e-05)
6               	(-8.50260860e+01 1.19990187e-01 1.20076120e-01)	(-9.05493586e+01 1.20225081e-01 1.20262031e-01)	(5.52327258e+00 -2.34894092e-04 -1.85910202e-04)
7               	(3.47984395e+01 3.61874199e-02 -1.05559652e-01)	(2.90670980e+01 3.63373819e-02 -1.05338531e-01)	(5.73134147e+00 -1.49961942e-04 -2.21120859e-04)
8               	(1.06271444e+02 -6.59151845e-02 -2.53752166e-01)	(1.00419487e+02 -6.60017203e-02 -2.53635843e-01)	(5.85195735e+00 8.65357617e-05 -1.16322186e-04)
9               	(9.67114649e+01 -1.00162973e-01 -1.50848119e-01)	(9.08160695e+01 -9.99781296e-02 -1.50835244e-01)	(5.89539547e+00 -1.84842927e-04 -1.28759196e-05)
10              	(3.30411411e+01 -1.96407744e-02 4.67664798e-02)	(2.71530510e+01 -1.87662033e-02 4.72794655e-02)	(5.88809012e+00 -8.74571144e-04 -5.12985690e-04)
11              	(-2.13684025e+01 7.57957790e-02 1.09526911e-01)	(-2.72670192e+01 7.71681861e-02 1.10178237e-01)	(5.89861665e+00 -1.37240711e-03 -6.51326039e-04)
12              	(-3.55733030e+01 1.51495806e-01 1.07632912e-01)	(-4.15288271e+01 1.52786458e-01 1.07831778e-01)	(5.95552415e+00 -1.29065204e-03 -1.98865450e-04)
13              	(-1.31945489e+01 1.69489709e-01 3.92410305e-02)	(-1.92445165e+01 1.69965299e-01 3.94584139e-02)	(6.04996763e+00 -4.75589729e-04 -2.17383410e-04)
14              	(1.89541876e+01 1.13814338e-01 -3.21626089e-02)	(1.27991461e+01 1.13916040e-01 -3.21541611e-02)	(6.15504155e+00 -1.01701911e-04 -8.44781859e-06)
15              	(3.71440236e+01 2.28363376e-02 -4.60199921e-02)	(3.09133438e+01 2.30497102e-02 -4.59030258e-02)	(6.23067977e+00 -2.13372606e-04 -1.16966256e-04)
16              	(3.43229201e+01 -2.25871528e-02 -8.64036033e-03)	(2.80535751e+01 -2.22709829e-02 -8.53275563e-03)	(6.26934502e+00 -3.16169955e-04 -1.07604703e-04)
17              	(1.83746122e+01 1.33601277e-02 3.18834046e-02)	(1.20865754e+01 1.37923627e-02 3.19374593e-02)	(6.28803683e+00 -4.32235034e-04 -5.40546752e-05)
18              	(4.64049059e+00 8.36762625e-02 4.73702210e-02)	(-1.66824389e+00 8.40592061e-02 4.73975296e-02)	(6.30873448e+00 -3.82943659e-04 -2.73085794e-05)
19              	(1.75712062e+00 1.26459834e-01 3.54034085e-02)	(-4.58090006e+00 1.26710229e-01 3.54445088e-02)	(6.33802068e+00 -2.50395056e-04 -4.11002796e-05)
20              	(8.61497368e+00 1.15888996e-01 1.25209628e-02)	(2.24248164e+00 1.16017895e-01 1.26055540e-02)	(6.37249205e+00 -1.28899107e-04 -8.45911605e-05)
21              	(1.81492915e+01 7.56952768e-02 1.29981636e-03)	(1.17446150e+01 7.57714238e-02 1.42102078e-03)	(6.40467653e+00 -7.61470179e-05 -1.21204424e-04)
22              	(2.35137885e+01 4.54519780e-02 5.53054183e-03)	(1.70843877e+01 4.54845093e-02 5.66711397e-03)	(6.42940077e+00 -3.25312933e-05 -1.36572142e-04)
23              	(2.26294210e+01 4.56087721e-02 2.02151739e-02)	(1.61833990e+01 4.56461029e-02 2.03203469e-02)	(6.44602195e+00 -3.73308175e-05 -1.05173035e-04)
24              	(1.84403638e+01 7.22762082e-02 3.00364283e-02)	(1.19836230e+01 7.23077408e-02 3.01005525e-02)	(6.45674077e+00 -3.15325565e-05 -6.41242628e-05)
25              	(1.50720557e+01 1.06837319e-01 3.30838095e-02)	(8.60780340e+00 1.06734257e-01 3.31449211e-02)	(6.46425232e+00 1.03061713e-04 -6.11115726e-05)
26              	(1.47190754e+01 1.27157341e-01 2.65983147e-02)	(8.24898364e+00 1.26921209e-01 2.66250854e-02)	(6.47009177e+00 2.36131762e-04 -2.67706770e-05)
27              	(1.67182104e+01 1.26537154e-01 1.83260373e-02)	(1.02438565e+01 1.26171486e-01 1.83512078e-02)	(6.47435393e+00 3.65667998e-04 -2.51704974e-05)
28              	(1.89525870e+01 1.18049387e-01 1.46581888e-02)	(1.24762589e+01 1.17565088e-01 1.46529621e-02)	(6.47632806e+00 4.84299318e-04 5.22663805e-06)
29              	(1.97517259e+01 1.14323042e-01 1.75059203e-02)	(1.32763791e+01 1.13718566e-01 1.74874810e-02)	(6.47534680e+00 6.04475891e-04 1.84392757e-05)
30              	(1.88437832e+01 1.24219287e-01 2.29421280e-02)	(1.23725563e+01 1.23541370e-01 2.29210553e-02)	(6.47122685e+00 6.77916919e-04 2.10727026e-05)
31              	(1.70928688e+01 1.49397125e-01 2.71748298e-02)	(1.06285055e+01 1.48629730e-01 2.71570650e-02)	(6.46436324e+00 7.67395069e-04 1.77647589e-05)
32              	(1.56892527e+01 1.73675934e-01 2.95982543e-02)	(9.23378527e+00 1.72820925e-01 2.95784345e-02)	(6.45546746e+00 8.55008194e-04 1.98197353e-05)
33              	(1.51828294e+01 1.88253251e-01 3.04296978e-02)	(8.73776989e+00 1.87306396e-01 3.04048306e-02)	(6.44505947e+00 9.46854669e-04 2.48671791e-05)
34              	(1.53400730e+01 1.95985494e-01 3.03875946e-02)	(8.90682097e+00 1.94949169e-01 3.03597570e-02)	(6.43325208e+00 1.03632539e-03 2.78376448e-05)
35              	(1.55886025e+01 1.99209942e-01 3.13610674e-02)	(9.16864882e+00 1.98096534e-01 3.13317275e-02)	(6.41995372e+00 1.11340726e-03 2.93399143e-05)
36              	(1.55275860e+01 2.05675770e-01 3.39974836e-02)	(9.12247921e+00 2.04494577e-01 3.39671833e-02)	(6.40510676e+00 1.18119282e-03 3.03003037e-05)
37              	(1.51503882e+01 2.18899679e-01 3.84925975e-02)	(8.76160922e+00 2.17657494e-01 3.84638240e-02)	(6.38877896e+00 1.24218488e-03 2.87735719e-05)
38              	(1.47006510e+01 2.34230474e-01 4.33952320e-02)	(8.32952170e+00 2.32929181e-01 4.33671395e-02)	(6.37112926e+00 1.30129324e-03 2.80925118e-05)
39              	(1.44361861e+01 2.48324528e-01 4.77089302e-02)	(8.08383301e+00 2.46969433e-01 4.76807597e-02)	(6.35235310e+00 1.35509521e-03 2.81704885e-05)
40              	(1.44656654e+01 2.60800627e-01 5.04708756e-02)	(8.13305497e+00 2.59404998e-01 5.04445457e-02)	(6.33261045e+00 1.39562839e-03 2.63298693e-05)
41              	(1.46843162e+01 2.73061535e-01 5.17258902e-02)	(8.37230649e+00 2.71632441e-01 5.17013495e-02)	(6.31200970e+00 1.42909441e-03 2.45406829e-05)
42              	(1.48906393e+01 2.85621305e-01 5.31975243e-02)	(8.60003512e+00 2.84160436e-01 5.31773886e-02)	(6.29060420e+00 1.46086893e-03 2.01356780e-05)
43              	(1.49430126e+01 2.98233954e-01 5.60099129e-02)	(8.67458200e+00 2.96744606e-01 5.59955524e-02)	(6.26843061e+00 1.48934803e-03 1.43605225e-05)
44              	(1.48330653e+01 3.11274573e-01 5.93224890e-02)	(8.58752342e+00 3.09759607e-01 5.93135456e-02)	(6.24554191e+00 1.51496611e-03 8.94334969e-06)
45              	(1.46437277e+01 3.26922344e-01 6.16047356e-02)	(8.42170725e+00 3.25384017e-01 6.16001448e-02)	(6.22202047e+00 1.53832708e-03 4.59083591e-06)
46              	(1.44584599e+01 3.44299089e-01 6.32758327e-02)	(8.26050670e+00 3.42736185e-01 6.32738183e-02)	(6.19795320e+00 1.56290355e-03 2.01441687e-06)
47              	(1.43091980e+01 3.62348406e-01 6.51313197e-02)	(8.13577726e+00 3.60760181e-01 6.51305093e-02)	(6.17342075e+00 1.58822428e-03 8.10404190e-07)
48              	(1.41809914e+01 3.79475035e-01 6.75684054e-02)	(8.03248961e+00 3.77862671e-01 6.75677672e-02)	(6.14850182e+00 1.61236381e-03 6.38182588e-07)
49              	(1.40442954e+01 3.95216797e-01 7.07492852e-02)	(7.92101997e+00 3.93583217e-01 7.07482999e-02)	(6.12327542e+00 1.63357931e-03 9.85261754e-07)
50              	(1.38853533e+01 4.11930184e-01 7.48328968e-02)	(7.78753422e+00 4.10277975e-01 7.48318345e-02)	(6.09781904e+00 1.65220854e-03 1.06222895e-06)
51              	(1.37114702e+01 4.32015958e-01 7.97241728e-02)	(7.63926404e+00 4.30352309e-01 7.97227742e-02)	(6.07220615e+00 1.66364894e-03 1.39858824e-06)
52              	(1.35439642e+01 4.57066081e-01 8.54502116e-02)	(7.49744635e+00 4.55395999e-01 8.54483100e-02)	(6.04651788e+00 1.67008140e-03 1.90163290e-06)
53              	(1.34015525e+01 4.86274151e-01 9.18753663e-02)	(7.38073398e+00 4.84594535e-01 9.18729279e-02)	(6.02081847e+00 1.67961602e-03 2.43841501e-06)
54              	(1.32902048e+01 5.16763631e-01 9.89715574e-02)	(7.29504950e+00 5.15069103e-01 9.89693746e-02)	(5.99515530e+00 1.69452745e-03 2.18279564e-06)
55              	(1.32008254e+01 5.47037893e-01 1.06963420e-01)	(7.23126457e+00 5.45322629e-01 1.06962226e-01)	(5.96956079e+00 1.71526364e-03 1.19473820e-06)
56              	(1.31203243e+01 5.77359420e-01 1.15664270e-01)	(7.17626619e+00 5.75620609e-01 1.15664644e-01)	(5.94405812e+00 1.73881031e-03 -3.74543759e-07)
57              	(1.30436551e+01 6.09164833e-01 1.24938726e-01)	(7.12499035e+00 6.07397770e-01 1.24941035e-01)	(5.91866479e+00 1.76706386e-03 -2.30865448e-06)
58              	(1.29724888e+01 6.44061321e-01 1.34741050e-01)	(7.07908494e+00 6.42257890e-01 1.34745501e-01)	(5.89340389e+00 1.80343049e-03 -4.45160641e-06)
59              	(1.29097976e+01 6.82223921e-01 1.45051176e-01)	(7.04148815e+00 6.80370566e-01 1.45056661e-01)	(5.86830941e+00 1.85335492e-03 -5.48444796e-06)
60              	(1.28562002e+01 7.22542737e-01 1.55833215e-01)	(7.01278153e+00 7.20621125e-01 1.55837134e-01)	(5.84341872e+00 1.92161188e-03 -3.91914595e-06)
61              	(1.28097965e+01 7.64228061e-01 1.67166976e-01)	(6.99103023e+00 7.62217775e-01 1.67166542e-01)	(5.81876623e+00 2.01028539e-03 4.33377909e-07)
62              	(1.27680346e+01 8.07354680e-01 1.78995782e-01)	(6.97365267e+00 8.05234830e-01 1.78990042e-01)	(5.79438196e+00 2.11984950e-03 5.73936801e-06)
63              	(1.27290292e+01 8.52445508e-01 1.91314813e-01)	(6.95873834e+00 8.50192390e-01 1.91297376e-01)	(5.77029083e+00 2.25311732e-03 1.74363312e-05)
64              	(1.26913265e+01 9.00379708e-01 2.04253603e-01)	(6.94481545e+00 8.97963951e-01 2.04217880e-01)	(5.74651106e+00 2.41575704e-03 3.57225829e-05)
65              	(1.26548851e+01 9.51484312e-01 2.17775658e-01)	(6.93182425e+00 9.48879264e-01 2.17714682e-01)	(5.72306082e+00 2.60504822e-03 6.09758676e-05)
66              	(1.26201545e+01 1.00564283e+00 2.32035589e-01)	(6.92020167e+00 1.00282292e+00 2.31941110e-01)	(5.69995284e+00 2.81991711e-03 9.44791052e-05)
67              	(1.25878351e+01 1.06268285e+00 2.47066731e-01)	(6.91063571e+00 1.05962201e+00 2.46930844e-01)	(5.67719935e+00 3.06084678e-03 1.35887674e-04)
68              	(1.25587211e+01 1.12258934e+00 2.62756507e-01)	(6.90390967e+00 1.11926085e+00 2.62569610e-01)	(5.65481140e+00 3.32848415e-03 1.86897215e-04)
69              	(1.25328892e+01 1.18555191e+00 2.79072356e-01)	(6.90008992e+00 1.18192893e+00 2.78826120e-01)	(5.63279925e+00 3.62297561e-03 2.46236422e-04)
70              	(1.25098641e+01 1.25181752e+00 2.96216557e-01)	(6.89869230e+00 1.24787421e+00 2.95904156e-01)	(5.61117179e+00 3.94331318e-03 3.12400979e-04)
71              	(1.24891261e+01 1.32158625e+00 3.14146151e-01)	(6.89918493e+00 1.31729522e+00 3.13757791e-01)	(5.58994120e+00 4.29102890e-03 3.88360153e-04)
72              	(1.24697414e+01 1.39473522e+00 3.32908207e-01)	(6.90062201e+00 1.39006754e+00 3.32437456e-01)	(5.56911936e+00 4.66767932e-03 4.70751037e-04)
73              	(1.24510853e+01 1.47120374e+00 3.52575947e-01)	(6.90237068e+00 1.46613145e+00 3.52014474e-01)	(5.54871461e+00 5.07228623e-03 5.61472417e-04)
74              	(1.24330659e+01 1.55114546e+00 3.73124781e-01)	(6.90433403e+00 1.54564162e+00 3.72464429e-01)	(5.52873191e+00 5.50383355e-03 6.60351891e-04)
75              	(1.24151872e+01 1.63468321e+00 3.94421547e-01)	(6.90600766e+00 1.62872276e+00 3.93656501e-01)	(5.50917954e+00 5.96044903e-03 7.65046595e-04)
76              	(1.23972464e+01 1.72184742e+00 4.16602272e-01)	(6.90718547e+00 1.71540559e+00 4.15725765e-01)	(5.49006089e+00 6.44182066e-03 8.76506857e-04)
77              	(1.23795085e+01 1.81263871e+00 4.39903973e-01)	(6.90812679e+00 1.80568968e+00 4.38910203e-01)	(5.47138172e+00 6.94902883e-03 9.93769781e-04)
78              	(1.23623548e+01 1.90692633e+00 4.64340950e-01)	(6.90920696e+00 1.89944430e+00 4.63222324e-01)	(5.45314783e+00 7.48203514e-03 1.11862607e-03)
79              	(1.23458515e+01 2.00462734e+00 4.89740270e-01)	(6.91048683e+00 1.99658681e+00 4.88488735e-01)	(5.43536462e+00 8.04053025e-03 1.25153491e-03)
80              	(1.23296347e+01 2.10585321e+00 5.16070294e-01)	(6.91159740e+00 2.09722917e+00 5.14679352e-01)	(5.41803729e+00 8.62404068e-03 1.39094175e-03)
81              	(1.23135995e+01 2.21084940e+00 5.43384464e-01)	(6.91243044e+00 2.20161748e+00 5.41846505e-01)	(5.40116910e+00 9.23192553e-03 1.53795949e-03)
82              	(1.22980686e+01 2.31983632e+00 5.71870899e-01)	(6.91330635e+00 2.30997139e+00 5.70178948e-01)	(5.38476222e+00 9.86493340e-03 1.69195040e-03)
83              	(1.22834912e+01 2.43303417e+00 6.01625058e-01)	(6.91467511e+00 2.42251126e+00 5.99770680e-01)	(5.36881607e+00 1.05229178e-02 1.85437734e-03)
84              	(1.22701947e+01 2.55042359e+00 6.32733936e-01)	(6.91686317e+00 2.53921865e+00 6.30712075e-01)	(5.35333154e+00 1.12049444e-02 2.02186081e-03)
85              	(1.22587558e+01 2.67191435e+00 6.65004619e-01)	(6.92044667e+00 2.66000326e+00 6.62808366e-01)	(5.33830913e+00 1.19110906e-02 2.19625369e-03)
86              	(1.22493498e+01 2.79740732e+00 6.98172916e-01)	(6.92560294e+00 2.78476568e+00 6.95795001e-01)	(5.32374689e+00 1.26416355e-02 2.37791568e-03)
87              	(1.22422951e+01 2.92713540e+00 7.32258224e-01)	(6.93265233e+00 2.91374031e+00 7.29692720e-01)	(5.30964280e+00 1.33950830e-02 2.56550442e-03)
88              	(1.22377171e+01 3.06128274e+00 7.67352992e-01)	(6.94172258e+00 3.04710656e+00 7.64592492e-01)	(5.29599449e+00 1.41761802e-02 2.76050014e-03)
89              	(1.22354580e+01 3.20025425e+00 8.03690741e-01)	(6.95265859e+00 3.18527076e+00 8.00731136e-01)	(5.28279941e+00 1.49834869e-02 2.95960487e-03)
90              	(1.22357071e+01 3.34391651e+00 8.41233432e-01)	(6.96565348e+00 3.32810044e+00 8.38068215e-01)	(5.27005366e+00 1.58160745e-02 3.16521662e-03)
91              	(1.22389116e+01 3.49205039e+00 8.79737449e-01)	(6.98115740e+00 3.47537596e+00 8.76361443e-01)	(5.25775424e+00 1.66744293e-02 3.37600570e-03)
92              	(1.22456922e+01 3.64419120e+00 9.19136032e-01)	(6.99979518e+00 3.62663205e+00 9.15544572e-01)	(5.24589701e+00 1.75591550e-02 3.59146017e-03)
93              	(1.22558539e+01 3.80045993e+00 9.59640277e-01)	(7.02137455e+00 3.78199067e+00 9.55828819e-01)	(5.23447938e+00 1.84692667e-02 3.81145826e-03)
94              	(1.22689390e+01 3.96117756e+00 1.00135853e+00)	(7.04544042e+00 3.94177116e+00 9.97322914e-01)	(5.22349857e+00 1.94064025e-02 4.03561143e-03)
95              	(1.22851623e+01 4.12612523e+00 1.04408112e+00)	(7.07221159e+00 4.10575362e+00 1.03981592e+00)	(5.21295066e+00 2.03716087e-02 4.26520004e-03)
96              	(1.23047711e+01 4.29488734e+00 1.08758546e+00)	(7.10193982e+00 4.27352123e+00 1.08308564e+00)	(5.20283126e+00 2.13661130e-02 4.49981279e-03)
97              	(1.23279577e+01 4.46681766e+00 1.13173694e+00)	(7.13482204e+00 4.44442696e+00 1.12699754e+00)	(5.19313565e+00 2.23906996e-02 4.73940276e-03)
98              	(1.23555043e+01 4.64144725e+00 1.17663364e+00)	(7.17164435e+00 4.61800236e+00 1.17165059e+00)	(5.18385996e+00 2.34448838e-02 4.98304835e-03)
99              	(1.23872553e+01 4.81862053e+00 1.22217098e+00)	(7.21225525e+00 4.79409254e+00 1.21694074e+00)	(5.17500001e+00 2.45279842e-02 5.23024627e-03)
100             	(1.24228035e+01 4.99782759e+00 1.26827394e+00)	(7.25625261e+00 4.97218720e+00 1.26279262e+00)	(5.16655092e+00 2.56403837e-02 5.48131476e-03)
101             	(1.24622288e+01 5.17845193e+00 1.31495408e+00)	(7.30372127e+00 5.15167099e+00 1.30921807e+00)	(5.15850756e+00 2.67809436e-02 5.73600318e-03)
102             	(1.25057953e+01 5.35966880e+00 1.36203986e+00)	(7.35493074e+00 5.33172137e+00 1.35604474e+00)	(5.15086451e+00 2.79474237e-02 5.99511458e-03)
103             	(1.25534550e+01 5.54065040e+00 1.40919789e+00)	(7.40983951e+00 5.51151270e+00 1.40293831e+00)	(5.14361554e+00 2.91376989e-02 6.25957904e-03)
104             	(1.26040841e+01 5.72071200e+00 1.45614666e+00)	(7.46733100e+00 5.69036181e+00 1.44961944e+00)	(5.13675308e+00 3.03501890e-02 6.52721583e-03)
105             	(1.26572275e+01 5.89914378e+00 1.50290784e+00)	(7.52695669e+00 5.86756164e+00 1.49611055e+00)	(5.13027083e+00 3.15821383e-02 6.79728731e-03)
106             	(1.27130710e+01 6.07511975e+00 1.54976294e+00)	(7.58890631e+00 6.04228854e+00 1.54269244e+00)	(5.12416464e+00 3.28312145e-02 7.07049852e-03)
107             	(1.27730553e+01 6.24735184e+00 1.59630317e+00)	(7.65462758e+00 6.21325918e+00 1.58895831e+00)	(5.11842775e+00 3.40926597e-02 7.34486274e-03)
108             	(1.28368918e+01 6.41467271e+00 1.64214129e+00)	(7.72383695e+00 6.37930955e+00 1.63451884e+00)	(5.11305481e+00 3.53631619e-02 7.62245698e-03)
109             	(1.29041009e+01 6.57593837e+00 1.68706792e+00)	(7.79606250e+00 6.53930027e+00 1.67916551e+00)	(5.10803837e+00 3.66380989e-02 7.90240780e-03)
110             	(1.29752520e+01 6.72945195e+00 1.73085779e+00)	(7.87187967e+00 6.69154157e+00 1.72267494e+00)	(5.10337228e+00 3.79103808e-02 8.18284914e-03)
111             	(1.30498987e+01 6.87366969e+00 1.77330067e+00)	(7.95084857e+00 6.83449674e+00 1.76483659e+00)	(5.09905012e+00 3.91729513e-02 8.46408137e-03)
112             	(1.31284122e+01 7.00699944e+00 1.81362365e+00)	(8.03334636e+00 6.96658036e+00 1.80487796e+00)	(5.09506581e+00 4.04190839e-02 8.74568512e-03)
113             	(1.32100180e+01 7.12830517e+00 1.85148354e+00)	(8.11860612e+00 7.08666519e+00 1.84245831e+00)	(5.09141191e+00 4.16399786e-02 9.02523527e-03)
114             	(1.32948392e+01 7.23576804e+00 1.88683414e+00)	(8.20675772e+00 7.19294029e+00 1.87753294e+00)	(5.08808152e+00 4.28277407e-02 9.30119317e-03)
115             	(1.33833284e+01 7.32744254e+00 1.91935428e+00)	(8.29826333e+00 7.28347065e+00 1.90978127e+00)	(5.08506505e+00 4.39718883e-02 9.57301181e-03)
116             	(1.34749994e+01 7.40164056e+00 1.94850856e+00)	(8.39264475e+00 7.35657560e+00 1.93866871e+00)	(5.08235466e+00 4.50649597e-02 9.83984481e-03)
117             	(1.35670691e+01 7.45719309e+00 1.97361574e+00)	(8.48712553e+00 7.41109606e+00 1.96351768e+00)	(5.07994362e+00 4.60970278e-02 1.00980563e-02)
118             	(1.36569159e+01 7.49285573e+00 1.99408937e+00)	(8.57909608e+00 7.44579970e+00 1.98374440e+00)	(5.07781985e+00 4.70560266e-02 1.03449717e-02)
119             	(1.37413293e+01 7.50751112e+00 2.00961810e+00)	(8.66535811e+00 7.45957984e+00 1.99903832e+00)	(5.07597118e+00 4.79312742e-02 1.05797765e-02)
120             	(1.38197749e+01 7.49933102e+00 2.01963580e+00)	(8.74539116e+00 7.45061985e+00 2.00883582e+00)	(5.07438376e+00 4.87111731e-02 1.07999794e-02)
121             	(1.38925181e+01 7.46697397e+00 2.02361591e+00)	(8.81947557e+00 7.41759039e+00 2.01261305e+00)	(5.07304256e+00 4.93835821e-02 1.10028610e-02)
122             	(1.39591424e+01 7.40956204e+00 2.02136341e+00)	(8.88721305e+00 7.35962635e+00 2.01017751e+00)	(5.07192935e+00 4.99356902e-02 1.11859026e-02)
123             	(1.40174593e+01 7.32698068e+00 2.01287584e+00)	(8.94643266e+00 7.27662390e+00 2.00152895e+00)	(5.07102666e+00 5.03567816e-02 1.13468951e-02)
124             	(1.40659771e+01 7.21892392e+00 1.99834423e+00)	(8.99565892e+00 7.16828644e+00 1.98686022e+00)	(5.07031817e+00 5.06374851e-02 1.14840119e-02)
125             	(1.41046917e+01 7.08472957e+00 1.97776561e+00)	(9.03490430e+00 7.03396248e+00 1.96616784e+00)	(5.06978739e+00 5.07670889e-02 1.15977718e-02)
126             	(1.41344454e+01 6.92358534e+00 1.95086495e+00)	(9.06502606e+00 6.87284841e+00 1.93918000e+00)	(5.06941938e+00 5.07369356e-02 1.16849493e-02)
127             	(1.41550412e+01 6.73451156e+00 1.91716584e+00)	(9.08584252e+00 6.68397481e+00 1.90542323e+00)	(5.06919866e+00 5.05367545e-02 1.17426086e-02)
128             	(1.41670894e+01 6.51720736e+00 1.87623075e+00)	(9.09797962e+00 6.46705136e+00 1.86446434e+00)	(5.06910976e+00 5.01560008e-02 1.17664121e-02)
129             	(1.41706384e+01 6.27194997e+00 1.82812752e+00)	(9.10149833e+00 6.22236149e+00 1.81637310e+00)	(5.06914011e+00 4.95884891e-02 1.17544140e-02)
130             	(1.41636796e+01 6.00008067e+00 1.77329150e+00)	(9.09440477e+00 5.95125130e+00 1.76158676e+00)	(5.06927481e+00 4.88293780e-02 1.17047339e-02)
131             	(1.41433496e+01 5.70428409e+00 1.71237084e+00)	(9.07385308e+00 5.65640493e+00 1.70075462e+00)	(5.06949655e+00 4.78791539e-02 1.16162155e-02)
132             	(1.41070888e+01 5.38698356e+00 1.64592308e+00)	(9.03730158e+00 5.34024367e+00 1.63443536e+00)	(5.06978721e+00 4.67398866e-02 1.14877200e-02)
133             	(1.40568762e+01 5.05074374e+00 1.57402954e+00)	(8.98674633e+00 5.00533069e+00 1.56271039e+00)	(5.07012988e+00 4.54130497e-02 1.13191530e-02)
134             	(1.39939067e+01 4.69943258e+00 1.49672400e+00)	(8.92339853e+00 4.65553055e+00 1.48561412e+00)	(5.07050819e+00 4.39020366e-02 1.11098889e-02)
135             	(1.39200939e+01 4.33653420e+00 1.41537027e+00)	(8.84918659e+00 4.29431760e+00 1.40450975e+00)	(5.07090734e+00 4.22166030e-02 1.08605174e-02)
136             	(1.38409390e+01 3.96375928e+00 1.33043400e+00)	(8.76962478e+00 3.92339626e+00 1.31986108e+00)	(5.07131422e+00 4.03630248e-02 1.05729276e-02)
137             	(1.37583353e+01 3.58533086e+00 1.24303286e+00)	(8.68661361e+00 3.54698354e+00 1.23278393e+00)	(5.07172169e+00 3.83473204e-02 1.02489236e-02)
138             	(1.36726800e+01 3.20576365e+00 1.15449464e+00)	(8.60055977e+00 3.16958653e+00 1.14460451e+00)	(5.07212026e+00 3.61771264e-02 9.89013230e-03)
139             	(1.35830420e+01 2.83066256e+00 1.06637961e+00)	(8.51053866e+00 2.79679706e+00 1.05687980e+00)	(5.07250331e+00 3.38654999e-02 9.49981354e-03)
140             	(1.34881954e+01 2.46580420e+00 9.80152607e-01)	(8.41533183e+00 2.43437492e+00 9.71070325e-01)	(5.07286359e+00 3.14292788e-02 9.08228244e-03)
141             	(1.33858347e+01 2.11807328e+00 8.96467620e-01)	(8.31263765e+00 2.08918109e+00 8.87824674e-01)	(5.07319703e+00 2.88921932e-02 8.64294644e-03)
142             	(1.32786699e+01 1.79204991e+00 8.15925518e-01)	(8.20516906e+00 1.76576604e+00 8.07739285e-01)	(5.07350081e+00 2.62838636e-02 8.18623298e-03)
143             	(1.31708424e+01 1.49014075e+00 7.39239328e-01)	(8.09706668e+00 1.46650492e+00 7.31523672e-01)	(5.07377572e+00 2.36358371e-02 7.71565631e-03)
144             	(1.30680774e+01 1.21362662e+00 6.67337954e-01)	(7.99404743e+00 1.19264922e+00 6.60101555e-01)	(5.07403001e+00 2.09774028e-02 7.23639867e-03)
145             	(1.29722795e+01 9.65057235e-01 6.01067715e-01)	(7.89800701e+00 9.46718895e-01 5.94314433e-01)	(5.07427254e+00 1.83383403e-02 6.75328222e-03)
146             	(1.28846075e+01 7.47237498e-01 5.41510727e-01)	(7.81009935e+00 7.31486644e-01 5.35240664e-01)	(5.07450818e+00 1.57508541e-02 6.27006301e-03)
147             	(1.28042356e+01 5.62680481e-01 4.89084804e-01)	(7.72949510e+00 5.49434646e-01 4.83291305e-01)	(5.07474050e+00 1.32458342e-02 5.79349941e-03)
148             	(1.27248871e+01 4.14727434e-01 4.43676420e-01)	(7.64991346e+00 4.03871481e-01 4.38347943e-01)	(5.07497359e+00 1.08559526e-02 5.32847663e-03)
149             	(1.26436133e+01 3.04294525e-01 4.04922862e-01)	(7.56841143e+00 2.95680137e-01 4.00044666e-01)	(5.07520192e+00 8.61438833e-03 4.87819666e-03)
150             	(1.25639912e+01 2.29363973e-01 3.72681257e-01)	(7.48856711e+00 2.22808729e-01 3.68233041e-01)	(5.07542414e+00 6.55524406e-03 4.44821542e-03)
151             	(1.24923354e+01 1.85986926e-01 3.46987830e-01)	(7.41669871e+00 1.81283921e-01 3.42944370e-01)	(5.07563674e+00 4.70300506e-03 4.04346073e-03)
152             	(1.24310359e+01 1.71433187e-01 3.27403201e-01)	(7.35519716e+00 1.68360988e-01 3.23736557e-01)	(5.07583877e+00 3.07219926e-03 3.66664347e-03)
153             	(1.23805374e+01 1.82567756e-01 3.13586598e-01)	(7.30450888e+00 1.80900682e-01 3.10267788e-01)	(5.07602850e+00 1.66707341e-03 3.31880943e-03)
154             	(1.23401009e+01 2.16835292e-01 3.05170662e-01)	(7.26389826e+00 2.16347649e-01 3.02165445e-01)	(5.07620267e+00 4.87642598e-04 3.00521700e-03)
155             	(1.23050853e+01 2.73161552e-01 3.01818695e-01)	(7.22872523e+00 2.73631396e-01 2.99091570e-01)	(5.07636005e+00 -4.69843695e-04 2.72712484e-03)
156             	(1.22677534e+01 3.50962410e-01 3.02957549e-01)	(7.19125807e+00 3.52168599e-01 3.00473485e-01)	(5.07649536e+00 -1.20618987e-03 2.48406325e-03)
157             	(1.22243198e+01 4.48756367e-01 3.08130441e-01)	(7.14771729e+00 4.50484733e-01 3.05852462e-01)	(5.07660251e+00 -1.72836625e-03 2.27797829e-03)
158             	(1.21760183e+01 5.62542960e-01 3.16201540e-01)	(7.09934321e+00 5.64590331e-01 3.14089463e-01)	(5.07667511e+00 -2.04737142e-03 2.11207752e-03)
159             	(1.21249825e+01 6.88026900e-01 3.26734282e-01)	(7.04827469e+00 6.90207688e-01 3.24751514e-01)	(5.07670782e+00 -2.18078859e-03 1.98276786e-03)
160             	(1.20773977e+01 8.20324126e-01 3.39839946e-01)	(7.00069881e+00 8.22474573e-01 3.37950903e-01)	(5.07669891e+00 -2.15044693e-03 1.88904231e-03)
161             	(1.20342297e+01 9.57356057e-01 3.55520913e-01)	(6.95758100e+00 9.59333575e-01 3.53690982e-01)	(5.07664869e+00 -1.97751789e-03 1.82993090e-03)
162             	(1.19923035e+01 1.09839400e+00 3.73724735e-01)	(6.91574533e+00 1.10007240e+00 3.71920558e-01)	(5.07655817e+00 -1.67839953e-03 1.80417612e-03)
163             	(1.19478821e+01 1.24281616e+00 3.93948085e-01)	(6.87145828e+00 1.24408150e+00 3.92138861e-01)	(5.07642378e+00 -1.26533748e-03 1.80922382e-03)
164             	(1.19020582e+01 1.38903366e+00 4.15251867e-01)	(6.82581682e+00 1.38978271e+00 4.13409791e-01)	(5.07624134e+00 -7.49050952e-04 1.84207567e-03)
165             	(1.18572867e+01 1.53558210e+00 4.36660588e-01)	(6.78127796e+00 1.53572067e+00 4.34762010e-01)	(5.07600877e+00 -1.38569489e-04 1.89857791e-03)
166             	(1.18169894e+01 1.67956641e+00 4.57593192e-01)	(6.74126192e+00 1.67901346e+00 4.55620554e-01)	(5.07572750e+00 5.52951050e-04 1.97263748e-03)
167             	(1.17824054e+01 1.81909285e+00 4.77847504e-01)	(6.70700682e+00 1.81778085e+00 4.75786675e-01)	(5.07539860e+00 1.31199258e-03 2.06082878e-03)
168             	(1.17530179e+01 1.95333308e+00 4.97646204e-01)	(6.67799319e+00 1.95121030e+00 4.95487324e-01)	(5.07502466e+00 2.12277893e-03 2.15887966e-03)
169             	(1.17283297e+01 2.08109844e+00 5.17173145e-01)	(6.65372161e+00 2.07812959e+00 5.14909252e-01)	(5.07460808e+00 2.96885634e-03 2.26389227e-03)
170             	(1.17079340e+01 2.20092082e+00 5.36029989e-01)	(6.63378446e+00 2.19708566e+00 5.33655215e-01)	(5.07414956e+00 3.83515553e-03 2.37477378e-03)
171             	(1.16933295e+01 2.31106495e+00 5.53916145e-01)	(6.61967957e+00 2.30635594e+00 5.51424732e-01)	(5.07364995e+00 4.70900808e-03 2.49141241e-03)
172             	(1.16853743e+01 2.40970741e+00 5.70824445e-01)	(6.61226165e+00 2.40413017e+00 5.68213089e-01)	(5.07311265e+00 5.57723646e-03 2.61135590e-03)
173             	(1.16844132e+01 2.49557365e+00 5.86561392e-01)	(6.61187294e+00 2.48914532e+00 5.83829213e-01)	(5.07254030e+00 6.42833896e-03 2.73217896e-03)
174             	(1.16888351e+01 2.56783793e+00 6.00850903e-01)	(6.61689725e+00 2.56058709e+00 5.97998443e-01)	(5.07193789e+00 7.25083843e-03 2.85245906e-03)
175             	(1.16971264e+01 2.62628661e+00 6.13643171e-01)	(6.62581697e+00 2.61825024e+00 6.10672917e-01)	(5.07130948e+00 8.03637245e-03 2.97025386e-03)
176             	(1.17084776e+01 2.67072477e+00 6.25008796e-01)	(6.63781875e+00 2.66194712e+00 6.21923182e-01)	(5.07065887e+00 8.77765430e-03 3.08561433e-03)
177             	(1.17226341e+01 2.70121678e+00 6.34833855e-01)	(6.65264388e+00 2.69174710e+00 6.31635829e-01)	(5.06999023e+00 9.46967991e-03 3.19802642e-03)
178             	(1.17389839e+01 2.71835291e+00 6.43153722e-01)	(6.66967679e+00 2.70824360e+00 6.39847758e-01)	(5.06930712e+00 1.01093123e-02 3.30596375e-03)
179             	(1.17565643e+01 2.72320607e+00 6.49954794e-01)	(6.68795022e+00 2.71251021e+00 6.46545569e-01)	(5.06861413e+00 1.06958585e-02 3.40922589e-03)
180             	(1.17736695e+01 2.71748343e+00 6.55558721e-01)	(6.70575419e+00 2.70625339e+00 6.52050946e-01)	(5.06791534e+00 1.12300393e-02 3.50777542e-03)
181             	(1.17885167e+01 2.70291121e+00 6.60127414e-01)	(6.72130161e+00 2.69119685e+00 6.56525442e-01)	(5.06721505e+00 1.17143630e-02 3.60197259e-03)
182             	(1.17991225e+01 2.68169218e+00 6.63873762e-01)	(6.73260646e+00 2.66954016e+00 6.60181958e-01)	(5.06651604e+00 1.21520281e-02 3.69180451e-03)
183             	(1.18051278e+01 2.65576704e+00 6.66940219e-01)	(6.73930713e+00 2.64321905e+00 6.63162420e-01)	(5.06582066e+00 1.25479909e-02 3.77779957e-03)
184             	(1.18078477e+01 2.62679831e+00 6.69434569e-01)	(6.74271473e+00 2.61389124e+00 6.65574585e-01)	(5.06513298e+00 1.29070753e-02 3.85998348e-03)
185             	(1.18094716e+01 2.59609057e+00 6.71457601e-01)	(6.74501447e+00 2.58285636e+00 6.67518529e-01)	(5.06445710e+00 1.32342065e-02 3.93907203e-03)
186             	(1.18112361e+01 2.56492836e+00 6.73103350e-01)	(6.74743935e+00 2.55139488e+00 6.69088209e-01)	(5.06379676e+00 1.35334791e-02 4.01514091e-03)
187             	(1.18134212e+01 2.53459990e+00 6.74468203e-01)	(6.75026540e+00 2.52079089e+00 6.70379800e-01)	(5.06315576e+00 1.38090091e-02 4.08840367e-03)
188             	(1.18155778e+01 2.50631629e+00 6.75661407e-01)	(6.75304073e+00 2.49225268e+00 6.71503007e-01)	(5.06253709e+00 1.40636118e-02 4.15840046e-03)
189             	(1.18170518e+01 2.48101001e+00 6.76786342e-01)	(6.75510908e+00 2.46671042e+00 6.72561622e-01)	(5.06194274e+00 1.42995862e-02 4.22472010e-03)
190             	(1.18176559e+01 2.45940695e+00 6.77940051e-01)	(6.75628196e+00 2.44488860e+00 6.73652474e-01)	(5.06137390e+00 1.45183450e-02 4.28757660e-03)
191             	(1.18177197e+01 2.44195555e+00 6.79147120e-01)	(6.75688804e+00 2.42723413e+00 6.74800231e-01)	(5.06083168e+00 1.47214200e-02 4.34688852e-03)
192             	(1.18180293e+01 2.42879247e+00 6.80436955e-01)	(6.75771280e+00 2.41388315e+00 6.76034672e-01)	(5.06031655e+00 1.49093220e-02 4.40228318e-03)
193             	(1.18192686e+01 2.41989751e+00 6.81849206e-01)	(6.75943959e+00 2.40481499e+00 6.77395194e-01)	(5.05982898e+00 1.50825211e-02 4.45401246e-03)
194             	(1.18215439e+01 2.41514732e+00 6.83420797e-01)	(6.76217519e+00 2.39990695e+00 6.78919365e-01)	(5.05936871e+00 1.52403735e-02 4.50143274e-03)
195             	(1.18244388e+01 2.41436466e+00 6.85192451e-01)	(6.76550380e+00 2.39898160e+00 6.80647793e-01)	(5.05893502e+00 1.53830611e-02 4.54465838e-03)
196             	(1.18273751e+01 2.41742826e+00 6.87202114e-01)	(6.76884838e+00 2.40191805e+00 6.82618372e-01)	(5.05852670e+00 1.55102105e-02 4.58374275e-03)
197             	(1.18299476e+01 2.42412432e+00 6.89466466e-01)	(6.77180542e+00 2.40850143e+00 6.84847447e-01)	(5.05814220e+00 1.56228883e-02 4.61901962e-03)
198             	(1.18320925e+01 2.43409690e+00 6.91993257e-01)	(6.77431287e+00 2.41837469e+00 6.87342561e-01)	(5.05777960e+00 1.57222012e-02 4.65069551e-03)
199             	(1.18338914e+01 2.44692815e+00 6.94792131e-01)	(6.77645456e+00 2.43111809e+00 6.90112659e-01)	(5.05743679e+00 1.58100583e-02 4.67947264e-03)
200             	(1.18355143e+01 2.46218900e+00 6.97888084e-01)	(6.77840284e+00 2.44630097e+00 6.93182360e-01)	(5.05711150e+00 1.58880228e-02 4.70572357e-03)
201             	(1.18369991e+01 2.47948496e+00 7.01289981e-01)	(6.78019746e+00 2.46352660e+00 6.96559846e-01)	(5.05680166e+00 1.59583604e-02 4.73013468e-03)
202             	(1.18383208e+01 2.49846870e+00 7.05004833e-01)	(6.78181593e+00 2.48244567e+00 7.00251756e-01)	(5.05650488e+00 1.60230237e-02 4.75307689e-03)
203             	(1.18394503e+01 2.51875631e+00 7.09037488e-01)	(6.78323127e+00 2.50267182e+00 7.04262206e-01)	(5.05621898e+00 1.60844839e-02 4.77528211e-03)
204             	(1.18403953e+01 2.53999840e+00 7.13392708e-01)	(6.78445405e+00 2.52385390e+00 7.08595736e-01)	(5.05594129e+00 1.61445021e-02 4.79697276e-03)
205             	(1.18411794e+01 2.56186063e+00 7.18050958e-01)	(6.78550958e+00 2.54565532e+00 7.13232274e-01)	(5.05566979e+00 1.62053110e-02 4.81868394e-03)
206             	(1.18418488e+01 2.58405105e+00 7.23000728e-01)	(6.78644622e+00 2.56778257e+00 7.18160077e-01)	(5.05540258e+00 1.62684866e-02 4.84065067e-03)
207             	(1.18424686e+01 2.60622714e+00 7.28216658e-01)	(6.78733036e+00 2.58989139e+00 7.23353258e-01)	(5.05513821e+00 1.63357441e-02 4.86340047e-03)
208             	(1.18430543e+01 2.62811442e+00 7.33700716e-01)	(6.78817927e+00 2.61170638e+00 7.28813632e-01)	(5.05487508e+00 1.64080328e-02 4.88708371e-03)
209             	(1.18436520e+01 2.64945773e+00 7.39427994e-01)	(6.78904017e+00 2.63297137e+00 7.34515799e-01)	(5.05461186e+00 1.64863594e-02 4.91219490e-03)
210             	(1.18444397e+01 2.66996407e+00 7.45364024e-01)	(6.79009223e+00 2.65339308e+00 7.40425192e-01)	(5.05434746e+00 1.65709977e-02 4.93883191e-03)
211             	(1.18455459e+01 2.68933842e+00 7.51485904e-01)	(6.79146472e+00 2.67267624e+00 7.46518592e-01)	(5.05408114e+00 1.66621852e-02 4.96731274e-03)
212             	(1.18471578e+01 2.70729697e+00 7.57721999e-01)	(6.79334534e+00 2.69053758e+00 7.52724338e-01)	(5.05381241e+00 1.67593834e-02 4.99766086e-03)
213             	(1.18493978e+01 2.72356828e+00 7.63990081e-01)	(6.79585675e+00 2.70670618e+00 7.58960149e-01)	(5.05354100e+00 1.68620909e-02 5.02993138e-03)
214             	(1.18521953e+01 2.73794070e+00 7.70217290e-01)	(6.79892855e+00 2.72097161e+00 7.65153467e-01)	(5.05326671e+00 1.69690902e-02 5.06382328e-03)
215             	(1.18555024e+01 2.75016360e+00 7.76324811e-01)	(6.80251283e+00 2.73308433e+00 7.71225454e-01)	(5.05298959e+00 1.70792734e-02 5.09935695e-03)
216             	(1.18592448e+01 2.76005478e+00 7.82249269e-01)	(6.80653514e+00 2.74286390e+00 7.77113170e-01)	(5.05270963e+00 1.71908795e-02 5.13609934e-03)
217             	(1.18633920e+01 2.76744884e+00 7.87920687e-01)	(6.81096481e+00 2.75014653e+00 7.82746798e-01)	(5.05242714e+00 1.73023016e-02 5.17388880e-03)
218             	(1.18679438e+01 2.77219759e+00 7.93304438e-01)	(6.81580152e+00 2.75478601e+00 7.88092165e-01)	(5.05214232e+00 1.74115795e-02 5.21227242e-03)
219             	(1.18729007e+01 2.77416237e+00 7.98361036e-01)	(6.82104505e+00 2.75664523e+00 7.93109904e-01)	(5.05185564e+00 1.75171403e-02 5.25113208e-03)
220             	(1.18782399e+01 2.77324375e+00 8.03040270e-01)	(6.82667240e+00 2.75562684e+00 7.97750333e-01)	(5.05156752e+00 1.76169074e-02 5.28993774e-03)
221             	(1.18838617e+01 2.76936702e+00 8.07275789e-01)	(6.83258311e+00 2.75165795e+00 8.01947368e-01)	(5.05127855e+00 1.77090690e-02 5.32842135e-03)
222             	(1.18895661e+01 2.76254845e+00 8.11009094e-01)	(6.83857689e+00 2.74475694e+00 8.05643037e-01)	(5.05098920e+00 1.77915138e-02 5.36605699e-03)
223             	(1.18950792e+01 2.75287876e+00 8.14210181e-01)	(6.84437926e+00 2.73501601e+00 8.08807584e-01)	(5.05069995e+00 1.78627487e-02 5.40259701e-03)
224             	(1.19002580e+01 2.74045892e+00 8.16861956e-01)	(6.84984695e+00 2.72253773e+00 8.11424440e-01)	(5.05041103e+00 1.79211892e-02 5.43751657e-03)
225             	(1.19050495e+01 2.72542044e+00 8.18931649e-01)	(6.85492663e+00 2.70745477e+00 8.13461052e-01)	(5.05012285e+00 1.79656781e-02 5.47059756e-03)
226             	(1.19094178e+01 2.70789874e+00 8.20397753e-01)	(6.85958216e+00 2.68990382e+00 8.14896404e-01)	(5.04983561e+00 1.79949220e-02 5.50134898e-03)
227             	(1.19133062e+01 2.68808348e+00 8.21246219e-01)	(6.86375656e+00 2.67007530e+00 8.15716613e-01)	(5.04954968e+00 1.80081804e-02 5.52960547e-03)
228             	(1.19165913e+01 2.66626132e+00 8.21504265e-01)	(6.86732606e+00 2.64825668e+00 8.15949232e-01)	(5.04926521e+00 1.80046364e-02 5.55503280e-03)
229             	(1.19192189e+01 2.64268347e+00 8.21163474e-01)	(6.87023648e+00 2.62469937e+00 8.15585911e-01)	(5.04898238e+00 1.79841001e-02 5.57756356e-03)
230             	(1.19211172e+01 2.61766038e+00 8.20252640e-01)	(6.87241601e+00 2.59971404e+00 8.14655767e-01)	(5.04870121e+00 1.79463409e-02 5.59687348e-03)
231             	(1.19222832e+01 2.59149844e+00 8.18783652e-01)	(6.87386143e+00 2.57360666e+00 8.13170754e-01)	(5.04842176e+00 1.78917875e-02 5.61289736e-03)
232             	(1.19227094e+01 2.56452156e+00 8.16781725e-01)	(6.87456547e+00 2.54670079e+00 8.11156305e-01)	(5.04814391e+00 1.78207769e-02 5.62541990e-03)
233             	(1.19224083e+01 2.53701585e+00 8.14288577e-01)	(6.87454066e+00 2.51928165e+00 8.08654104e-01)	(5.04786763e+00 1.77341957e-02 5.63447278e-03)
234             	(1.19214545e+01 2.50926301e+00 8.11351944e-01)	(6.87386181e+00 2.49163015e+00 8.05712047e-01)	(5.04759268e+00 1.76328583e-02 5.63989709e-03)
235             	(1.19199055e+01 2.48153890e+00 8.08024666e-01)	(6.87258654e+00 2.46402102e+00 8.02382859e-01)	(5.04731891e+00 1.75178814e-02 5.64180684e-03)
236             	(1.19176814e+01 2.45415423e+00 8.04370620e-01)	(6.87063543e+00 2.43676377e+00 7.98730404e-01)	(5.04704598e+00 1.73904656e-02 5.64021617e-03)
237             	(1.19148132e+01 2.42738189e+00 8.00458668e-01)	(6.86803958e+00 2.41012965e+00 7.94823343e-01)	(5.04677362e+00 1.72522358e-02 5.63532432e-03)
238             	(1.19113976e+01 2.40139208e+00 7.96349103e-01)	(6.86489619e+00 2.38428744e+00 7.90721881e-01)	(5.04650144e+00 1.71046418e-02 5.62722212e-03)
239             	(1.19075697e+01 2.37635141e+00 7.92115303e-01)	(6.86134056e+00 2.35940196e+00 7.86499003e-01)	(5.04622915e+00 1.69494491e-02 5.61629943e-03)
240             	(1.19034207e+01 2.35242959e+00 7.87832175e-01)	(6.85746430e+00 2.33564137e+00 7.82229435e-01)	(5.04595643e+00 1.67882176e-02 5.60274034e-03)
241             	(1.18990073e+01 2.32975529e+00 7.83558229e-01)	(6.85332429e+00 2.31313257e+00 7.77971262e-01)	(5.04568301e+00 1.66227198e-02 5.58696671e-03)
242             	(1.18943562e+01 2.30843099e+00 7.79348760e-01)	(6.84894767e+00 2.29197657e+00 7.73779609e-01)	(5.04540853e+00 1.64544195e-02 5.56915109e-03)
243             	(1.18894766e+01 2.28851417e+00 7.75253632e-01)	(6.84434402e+00 2.27222917e+00 7.69703971e-01)	(5.04513263e+00 1.62849999e-02 5.54966139e-03)
244             	(1.18843859e+01 2.27003577e+00 7.71324940e-01)	(6.83953098e+00 2.25391998e+00 7.65796194e-01)	(5.04485492e+00 1.61157963e-02 5.52874565e-03)
245             	(1.18791180e+01 2.25298893e+00 7.67609764e-01)	(6.83454290e+00 2.23704066e+00 7.62102952e-01)	(5.04457510e+00 1.59482698e-02 5.50681200e-03)
246             	(1.18737444e+01 2.23735998e+00 7.64154043e-01)	(6.82945160e+00 2.22157638e+00 7.58669912e-01)	(5.04429277e+00 1.57836034e-02 5.48413145e-03)
247             	(1.18683478e+01 2.22310769e+00 7.60997709e-01)	(6.82434007e+00 2.20748471e+00 7.55536638e-01)	(5.04400773e+00 1.56229804e-02 5.46107119e-03)
248             	(1.18629605e+01 2.21018947e+00 7.58178370e-01)	(6.81924075e+00 2.19472217e+00 7.52740491e-01)	(5.04371972e+00 1.54672926e-02 5.43787847e-03)
249             	(1.18575936e+01 2.19852602e+00 7.55721280e-01)	(6.81416506e+00 2.18320854e+00 7.50306337e-01)	(5.04342850e+00 1.53174830e-02 5.41494327e-03)
250             	(1.18522429e+01 2.18803298e+00 7.53648163e-01)	(6.80910902e+00 2.17285888e+00 7.48255692e-01)	(5.04313383e+00 1.51740953e-02 5.39247073e-03)
251             	(1.18469339e+01 2.17862741e+00 7.51968421e-01)	(6.80409837e+00 2.16358970e+00 7.46597688e-01)	(5.04283557e+00 1.50377161e-02 5.37073300e-03)
252             	(1.18416912e+01 2.17021673e+00 7.50681779e-01)	(6.79915766e+00 2.15530817e+00 7.45331884e-01)	(5.04253358e+00 1.49085671e-02 5.34989532e-03)
253             	(1.18365425e+01 2.16271272e+00 7.49792401e-01)	(6.79431464e+00 2.14792578e+00 7.44462169e-01)	(5.04222790e+00 1.47869325e-02 5.33023108e-03)
254             	(1.18315124e+01 2.15604041e+00 7.49313904e-01)	(6.78959400e+00 2.14136756e+00 7.44002087e-01)	(5.04191840e+00 1.46728448e-02 5.31181642e-03)
255             	(1.18266055e+01 2.15010626e+00 7.49245709e-01)	(6.78500046e+00 2.13553982e+00 7.43950827e-01)	(5.04160508e+00 1.45664450e-02 5.29488270e-03)
256             	(1.18218378e+01 2.14482008e+00 7.49582540e-01)	(6.78054985e+00 2.13035251e+00 7.44303045e-01)	(5.04128797e+00 1.44675723e-02 5.27949573e-03)
257             	(1.18172319e+01 2.14008365e+00 7.50309875e-01)	(6.77626474e+00 2.12570755e+00 7.45044075e-01)	(5.04096715e+00 1.43760991e-02 5.26580026e-03)
258             	(1.18128035e+01 2.13582173e+00 7.51413068e-01)	(6.77216078e+00 2.12153008e+00 7.46159207e-01)	(5.04064270e+00 1.42916462e-02 5.25386044e-03)
259             	(1.18085532e+01 2.13195814e+00 7.52868778e-01)	(6.76823834e+00 2.11774415e+00 7.47624977e-01)	(5.04031482e+00 1.42139932e-02 5.24380137e-03)
260             	(1.18044718e+01 2.12843396e+00 7.54659767e-01)	(6.76448820e+00 2.11429125e+00 7.49424187e-01)	(5.03998362e+00 1.41427104e-02 5.23558011e-03)
261             	(1.18005310e+01 2.12518687e+00 7.56760559e-01)	(6.76088175e+00 2.11110939e+00 7.51531312e-01)	(5.03964928e+00 1.40774744e-02 5.22924784e-03)
262             	(1.17967339e+01 2.12216741e+00 7.59142117e-01)	(6.75742185e+00 2.10814965e+00 7.53917382e-01)	(5.03931205e+00 1.40177528e-02 5.22473499e-03)
263             	(1.17930955e+01 2.11932512e+00 7.61775649e-01)	(6.75412329e+00 2.10536194e+00 7.56553559e-01)	(5.03897224e+00 1.39631813e-02 5.22209012e-03)
264             	(1.17896214e+01 2.11661168e+00 7.64637329e-01)	(6.75099134e+00 2.10269848e+00 7.59416127e-01)	(5.03863007e+00 1.39131935e-02 5.22120120e-03)
265             	(1.17863122e+01 2.11397947e+00 7.67698565e-01)	(6.74802637e+00 2.10011210e+00 7.62476479e-01)	(5.03828586e+00 1.38673748e-02 5.22208501e-03)
266             	(1.17831582e+01 2.11139621e+00 7.70934225e-01)	(6.74521827e+00 2.09757103e+00 7.65709593e-01)	(5.03793991e+00 1.38251775e-02 5.22463197e-03)
267             	(1.17801452e+01 2.10883174e+00 7.74317894e-01)	(6.74255265e+00 2.09504553e+00 7.69089077e-01)	(5.03759258e+00 1.37862059e-02 5.22881646e-03)
268             	(1.17772566e+01 2.10627020e+00 7.77829081e-01)	(6.74001241e+00 2.09252023e+00 7.72594590e-01)	(5.03724421e+00 1.37499655e-02 5.23449115e-03)
269             	(1.17744737e+01 2.10369310e+00 7.81443890e-01)	(6.73757849e+00 2.08997695e+00 7.76202269e-01)	(5.03689516e+00 1.37161449e-02 5.24162120e-03)
270             	(1.17717765e+01 2.10109675e+00 7.85146262e-01)	(6.73523075e+00 2.08741247e+00 7.79896198e-01)	(5.03654571e+00 1.36842846e-02 5.25006354e-03)
271             	(1.17691512e+01 2.09847569e+00 7.88918310e-01)	(6.73295495e+00 2.08482161e+00 7.83658541e-01)	(5.03619626e+00 1.36540779e-02 5.25976823e-03)
272             	(1.17665967e+01 2.09583702e+00 7.92745908e-01)	(6.73074957e+00 2.08221192e+00 7.87475340e-01)	(5.03584714e+00 1.36251024e-02 5.27056789e-03)
273             	(1.17641102e+01 2.09318753e+00 7.96612984e-01)	(6.72861148e+00 2.07959042e+00 7.91330545e-01)	(5.03549870e+00 1.35971101e-02 5.28243892e-03)
274             	(1.17616905e+01 2.09054424e+00 8.00510778e-01)	(6.72653921e+00 2.07697439e+00 7.95215546e-01)	(5.03515128e+00 1.35698457e-02 5.29523224e-03)
275             	(1.17593281e+01 2.08792197e+00 8.04430130e-01)	(6.72452284e+00 2.07437876e+00 7.99121235e-01)	(5.03480524e+00 1.35432153e-02 5.30889529e-03)
276             	(1.17570133e+01 2.08534494e+00 8.08364589e-01)	(6.72255239e+00 2.07182792e+00 8.03041307e-01)	(5.03446088e+00 1.35170248e-02 5.32328186e-03)
277             	(1.17547337e+01 2.08283934e+00 8.12311560e-01)	(6.72061515e+00 2.06934812e+00 8.06973178e-01)	(5.03411857e+00 1.34912277e-02 5.33838188e-03)
278             	(1.17524798e+01 2.08044109e+00 8.16274853e-01)	(6.71870115e+00 2.06697538e+00 8.10920773e-01)	(5.03377861e+00 1.34657092e-02 5.35408007e-03)
279             	(1.17502523e+01 2.07817970e+00 8.20252990e-01)	(6.71681096e+00 2.06473919e+00 8.14882622e-01)	(5.03344132e+00 1.34405051e-02 5.37036799e-03)
280             	(1.17480573e+01 2.07609023e+00 8.24247082e-01)	(6.71495039e+00 2.06267468e+00 8.18859945e-01)	(5.03310695e+00 1.34155532e-02 5.38713715e-03)
281             	(1.17458983e+01 2.07420397e+00 8.28258271e-01)	(6.71312251e+00 2.06081299e+00 8.22853870e-01)	(5.03277581e+00 1.33909800e-02 5.40440073e-03)
282             	(1.17437798e+01 2.07255559e+00 8.32292418e-01)	(6.71133171e+00 2.05918878e+00 8.26870330e-01)	(5.03244813e+00 1.33668105e-02 5.42208770e-03)
283             	(1.17417075e+01 2.07117426e+00 8.36358601e-01)	(6.70958330e+00 2.05783101e+00 8.30918351e-01)	(5.03212417e+00 1.33432442e-02 5.44024941e-03)
284             	(1.17396864e+01 2.07009260e+00 8.40466092e-01)	(6.70788226e+00 2.05677227e+00 8.35007285e-01)	(5.03180416e+00 1.33203338e-02 5.45880662e-03)
285             	(1.17377156e+01 2.06933320e+00 8.44619380e-01)	(6.70622729e+00 2.05603490e+00 8.39141564e-01)	(5.03148832e+00 1.32982937e-02 5.47781552e-03)
286             	(1.17357984e+01 2.06891880e+00 8.48827708e-01)	(6.70462155e+00 2.05564158e+00 8.43330500e-01)	(5.03117684e+00 1.32772216e-02 5.49720768e-03)
287             	(1.17339393e+01 2.06886179e+00 8.53094854e-01)	(6.70306938e+00 2.05560443e+00 8.47577836e-01)	(5.03086987e+00 1.32573543e-02 5.51701808e-03)
288             	(1.17321435e+01 2.06917606e+00 8.57427650e-01)	(6.70157594e+00 2.05593730e+00 8.51890453e-01)	(5.03056759e+00 1.32387678e-02 5.53719664e-03)
289             	(1.17304202e+01 2.06986279e+00 8.61835585e-01)	(6.70015006e+00 2.05664112e+00 8.56277762e-01)	(5.03027015e+00 1.32216733e-02 5.55782306e-03)
