# Moment        
# CofR          : (0.00000000e+00 0.00000000e+00 0.00000000e+00)
#
# Time          	(total_x total_y total_z)	(pressure_x pressure_y pressure_z)	(viscous_x viscous_y viscous_z)
1               	(7.02051454e-06 -2.71671835e-01 5.73570278e-02)	(7.07700838e-06 -2.71651700e-01 5.73304085e-02)	(-5.64938393e-08 -2.01354005e-05 2.66192482e-05)
2               	(5.29700282e-06 -2.59253124e-01 8.61031438e-02)	(5.42969187e-06 -2.59217610e-01 8.59928972e-02)	(-1.32689043e-07 -3.55144077e-05 1.10246682e-04)
3               	(-2.29366321e-06 -6.27218322e-02 5.75585819e-02)	(-2.03076445e-06 -6.26500204e-02 5.73611083e-02)	(-2.62898768e-07 -7.18117356e-05 1.97473555e-04)
4               	(-1.12157122e-05 1.17685658e-01 -3.13749678e-03)	(-1.12132504e-05 1.17821776e-01 -3.30349425e-03)	(-2.46173086e-09 -1.36117121e-04 1.65997467e-04)
5               	(-7.45355241e-06 1.41983421e-01 -6.14995562e-02)	(-8.17681192e-06 1.42186460e-01 -6.14274959e-02)	(7.23259515e-07 -2.03038650e-04 -7.20603232e-05)
6               	(-1.94597381e-06 4.04570745e-02 -7.20427752e-02)	(-3.61005103e-06 4.06021646e-02 -7.19717864e-02)	(1.66407722e-06 -1.45090075e-04 -7.09887594e-05)
7               	(-1.21891908e-06 -6.65984682e-02 -4.92031667e-02)	(-2.01323909e-06 -6.64591138e-02 -4.91127929e-02)	(7.94320010e-07 -1.39354456e-04 -9.03738451e-05)
8               	(-1.22778637e-06 -6.89525363e-02 9.05915147e-03)	(3.01678511e-06 -6.87289715e-02 9.01859243e-03)	(-4.24457148e-06 -2.23564768e-04 4.05590389e-05)
9               	(-5.97797538e-06 -3.60989207e-02 5.96990987e-02)	(3.20158623e-06 -3.57973797e-02 5.97948233e-02)	(-9.17956161e-06 -3.01540983e-04 -9.57246196e-05)
10              	(-7.96356062e-06 3.74796228e-04 7.68267689e-02)	(-8.90761434e-07 3.48916411e-04 7.73380519e-02)	(-7.07279919e-06 2.58798165e-05 -5.11283042e-04)
11              	(-2.23946525e-06 4.73678618e-02 4.79697410e-02)	(-2.73294886e-06 4.72544232e-02 4.87552716e-02)	(4.93483607e-07 1.13438596e-04 -7.85530620e-04)
12              	(-2.38538246e-05 2.44720328e-02 1.79806815e-02)	(-5.22903602e-06 2.46561932e-02 1.87276638e-02)	(-1.86247886e-05 -1.84160482e-04 -7.46982378e-04)
13              	(-1.15784332e-05 -1.46417321e-02 2.04975140e-02)	(-3.51292535e-06 -1.44607425e-02 2.07428894e-02)	(-8.06550781e-06 -1.80989677e-04 -2.45375392e-04)
14              	(-1.64461951e-05 -3.22557334e-02 3.59351174e-02)	(-1.93314164e-06 -3.19407830e-02 3.59120049e-02)	(-1.45130535e-05 -3.14950407e-04 2.31125386e-05)
15              	(-1.58121062e-05 -2.13186924e-02 4.32552249e-02)	(-2.12478387e-06 -2.10772588e-02 4.32881354e-02)	(-1.36873223e-05 -2.41433626e-04 -3.29105187e-05)
16              	(-1.32358970e-05 1.23498947e-03 4.58292376e-02)	(-2.34109845e-06 1.47715222e-03 4.59304895e-02)	(-1.08947985e-05 -2.42162751e-04 -1.01251907e-04)
17              	(-1.20106294e-05 1.73802337e-02 4.92253145e-02)	(-2.40018843e-06 1.76309873e-02 4.94037904e-02)	(-9.61044093e-06 -2.50753636e-04 -1.78475930e-04)
18              	(-1.09306190e-05 1.79067390e-02 5.17389945e-02)	(-2.36480385e-06 1.81666680e-02 5.18917517e-02)	(-8.56581517e-06 -2.59928922e-04 -1.52757173e-04)
19              	(-9.50377760e-06 5.10795490e-03 4.75011746e-02)	(-2.10072270e-06 5.35863894e-03 4.75767436e-02)	(-7.40305489e-06 -2.50684037e-04 -7.55690250e-05)
20              	(-7.38340781e-06 -4.65010038e-03 3.99885860e-02)	(-1.85289446e-06 -4.42463141e-03 3.99943694e-02)	(-5.53051335e-06 -2.25468968e-04 -5.78338074e-06)
21              	(-5.62396419e-06 -8.19197356e-03 3.63965231e-02)	(-1.84167040e-06 -7.99267600e-03 3.63762378e-02)	(-3.78229379e-06 -1.99297564e-04 2.02853843e-05)
22              	(-4.76048299e-06 -5.94496122e-03 3.99804528e-02)	(-2.07140314e-06 -5.76396660e-03 3.99348815e-02)	(-2.68907985e-06 -1.80994622e-04 4.55713564e-05)
23              	(-4.52780314e-06 -3.17279439e-03 4.64634489e-02)	(-2.41596839e-06 -2.98302462e-03 4.64238813e-02)	(-2.11183475e-06 -1.89769775e-04 3.95675747e-05)
24              	(-5.04988259e-06 -2.48605765e-03 5.21717416e-02)	(-2.56333427e-06 -2.28133007e-03 5.21331143e-02)	(-2.48654832e-06 -2.04727586e-04 3.86273218e-05)
25              	(-5.30749639e-06 -6.28368712e-03 5.74499456e-02)	(-2.29043889e-06 -6.08550473e-03 5.73311797e-02)	(-3.01705750e-06 -1.98182396e-04 1.18765897e-04)
26              	(-5.83455298e-06 -9.39637588e-03 6.05178608e-02)	(-2.25209745e-06 -9.18019283e-03 6.03215056e-02)	(-3.58245553e-06 -2.16183046e-04 1.96355211e-04)
27              	(-6.22861601e-06 -1.10234445e-02 6.11272532e-02)	(-2.28544636e-06 -1.08098904e-02 6.08548978e-02)	(-3.94316965e-06 -2.13554077e-04 2.72355362e-04)
28              	(-6.51011770e-06 -1.06745564e-02 6.30927388e-02)	(-2.35350332e-06 -1.04444156e-02 6.27477659e-02)	(-4.15661438e-06 -2.30140801e-04 3.44972914e-04)
29              	(-6.27593292e-06 -1.02658530e-02 6.74295762e-02)	(-2.32915589e-06 -1.00312775e-02 6.70077206e-02)	(-3.94677703e-06 -2.34575479e-04 4.21855654e-04)
30              	(-5.75972116e-06 -1.10238569e-02 7.47044868e-02)	(-2.21018246e-06 -1.07926831e-02 7.42364397e-02)	(-3.54953869e-06 -2.31173806e-04 4.68047047e-04)
31              	(-5.04518602e-06 -1.28744477e-02 8.55322517e-02)	(-1.95161170e-06 -1.26507821e-02 8.50093337e-02)	(-3.09357432e-06 -2.23665560e-04 5.22918053e-04)
32              	(-4.46889638e-06 -1.50003025e-02 9.50625258e-02)	(-1.68802154e-06 -1.47799800e-02 9.44878859e-02)	(-2.78087484e-06 -2.20322517e-04 5.74639960e-04)
33              	(-4.08206742e-06 -1.64463206e-02 1.01446218e-01)	(-1.51210889e-06 -1.62268366e-02 1.00818711e-01)	(-2.56995853e-06 -2.19484069e-04 6.27506468e-04)
34              	(-3.95985210e-06 -1.67287089e-02 1.07054058e-01)	(-1.57618918e-06 -1.65105694e-02 1.06376849e-01)	(-2.38366292e-06 -2.18139483e-04 6.77208685e-04)
35              	(-4.06708352e-06 -1.70179936e-02 1.12170992e-01)	(-1.82283569e-06 -1.68015063e-02 1.11453414e-01)	(-2.24424784e-06 -2.16487371e-04 7.17578437e-04)
36              	(-4.25063180e-06 -1.82387729e-02 1.18488191e-01)	(-2.15439221e-06 -1.80243456e-02 1.17736756e-01)	(-2.09623958e-06 -2.14427302e-04 7.51435493e-04)
37              	(-4.38717999e-06 -2.07824336e-02 1.26805179e-01)	(-2.48384154e-06 -2.05721812e-02 1.26024044e-01)	(-1.90333844e-06 -2.10252374e-04 7.81135045e-04)
38              	(-4.33800551e-06 -2.39647273e-02 1.34655158e-01)	(-2.73684063e-06 -2.37591785e-02 1.33844983e-01)	(-1.60116489e-06 -2.05548858e-04 8.10174130e-04)
39              	(-4.40007745e-06 -2.68933097e-02 1.41489851e-01)	(-3.20190464e-06 -2.66927715e-02 1.40653736e-01)	(-1.19817282e-06 -2.00538154e-04 8.36114342e-04)
40              	(-4.27848049e-06 -2.85870706e-02 1.48368844e-01)	(-3.49708372e-06 -2.83935324e-02 1.47516005e-01)	(-7.81396772e-07 -1.93538151e-04 8.52839416e-04)
41              	(-3.85824837e-06 -2.91516437e-02 1.56185806e-01)	(-3.42251019e-06 -2.89654408e-02 1.55321196e-01)	(-4.35738183e-07 -1.86202905e-04 8.64610004e-04)
42              	(-3.44554392e-06 -2.99431922e-02 1.64478946e-01)	(-3.41309982e-06 -2.97653829e-02 1.63603801e-01)	(-3.24440999e-08 -1.77809332e-04 8.75145036e-04)
43              	(-3.14036321e-06 -3.17836796e-02 1.72535813e-01)	(-3.43770971e-06 -3.16146848e-02 1.71652475e-01)	(2.97346497e-07 -1.68994820e-04 8.83337475e-04)
44              	(-2.86309943e-06 -3.41443239e-02 1.80315601e-01)	(-3.46353103e-06 -3.39839375e-02 1.79426312e-01)	(6.00431601e-07 -1.60386356e-04 8.89289284e-04)
45              	(-2.64083603e-06 -3.58396281e-02 1.89076433e-01)	(-3.48303170e-06 -3.56871914e-02 1.88182731e-01)	(8.42195676e-07 -1.52436638e-04 8.93702112e-04)
46              	(-2.42241356e-06 -3.69439940e-02 1.98788573e-01)	(-3.47819968e-06 -3.67985270e-02 1.97889577e-01)	(1.05578611e-06 -1.45467068e-04 8.98996353e-04)
47              	(-2.20959893e-06 -3.78961428e-02 2.09170456e-01)	(-3.41692154e-06 -3.77567298e-02 2.08265626e-01)	(1.20732262e-06 -1.39413072e-04 9.04830672e-04)
48              	(-2.18616088e-06 -3.91392841e-02 2.19315560e-01)	(-3.48782116e-06 -3.90057099e-02 2.18405522e-01)	(1.30166028e-06 -1.33574253e-04 9.10038286e-04)
49              	(-2.14936947e-06 -4.09021376e-02 2.28817937e-01)	(-3.53511896e-06 -4.07741106e-02 2.27904486e-01)	(1.38574949e-06 -1.28026990e-04 9.13451519e-04)
50              	(-2.01845467e-06 -4.33519869e-02 2.38791169e-01)	(-3.53116362e-06 -4.32294277e-02 2.37876181e-01)	(1.51270895e-06 -1.22559183e-04 9.14987925e-04)
51              	(-1.90508927e-06 -4.63150942e-02 2.50545271e-01)	(-3.50392999e-06 -4.61975489e-02 2.49633611e-01)	(1.59884072e-06 -1.17545377e-04 9.11659364e-04)
52              	(-1.80112229e-06 -4.96995479e-02 2.65006623e-01)	(-3.43780521e-06 -4.95867673e-02 2.64102376e-01)	(1.63668292e-06 -1.12780613e-04 9.04246972e-04)
53              	(-1.74439866e-06 -5.34087843e-02 2.81867092e-01)	(-3.38131069e-06 -5.33009825e-02 2.80968961e-01)	(1.63691203e-06 -1.07801843e-04 8.98130818e-04)
54              	(-1.74329685e-06 -5.74858910e-02 2.99597062e-01)	(-3.34580831e-06 -5.73839558e-02 2.98702134e-01)	(1.60251146e-06 -1.01935219e-04 8.94927967e-04)
55              	(-1.74716182e-06 -6.20901879e-02 3.17284762e-01)	(-3.30738914e-06 -6.19948672e-02 3.16389651e-01)	(1.56022732e-06 -9.53207569e-05 8.95110110e-04)
56              	(-1.77152674e-06 -6.71327054e-02 3.34994240e-01)	(-3.25379631e-06 -6.70445793e-02 3.34097337e-01)	(1.48226958e-06 -8.81260860e-05 8.96903445e-04)
57              	(-1.79323150e-06 -7.25251162e-02 3.53481721e-01)	(-3.19920903e-06 -7.24446034e-02 3.52580149e-01)	(1.40597752e-06 -8.05128063e-05 9.01571845e-04)
58              	(-1.79806630e-06 -7.82259089e-02 3.73664025e-01)	(-3.14257740e-06 -7.81532591e-02 3.72752651e-01)	(1.34451110e-06 -7.26497725e-05 9.11373500e-04)
59              	(-1.80504758e-06 -8.42051529e-02 3.95681038e-01)	(-3.07457784e-06 -8.41396718e-02 3.94751181e-01)	(1.26953026e-06 -6.54810419e-05 9.29857524e-04)
60              	(-1.75820046e-06 -9.04435820e-02 4.18935485e-01)	(-2.99365057e-06 -9.03835934e-02 4.17975164e-01)	(1.23545011e-06 -5.99885684e-05 9.60321611e-04)
61              	(-1.68879239e-06 -9.70172672e-02 4.42975037e-01)	(-2.89535257e-06 -9.69611346e-02 4.41970952e-01)	(1.20656018e-06 -5.61325522e-05 1.00408482e-03)
62              	(-1.58822963e-06 -1.03918553e-01 4.67861963e-01)	(-2.78192342e-06 -1.03865853e-01 4.66800581e-01)	(1.19369379e-06 -5.26998489e-05 1.06138154e-03)
63              	(-1.47708069e-06 -1.11139818e-01 4.93873786e-01)	(-2.68816379e-06 -1.11086496e-01 4.92739705e-01)	(1.21108310e-06 -5.33219875e-05 1.13408115e-03)
64              	(-1.36582827e-06 -1.18707126e-01 5.21495198e-01)	(-2.60869921e-06 -1.18648900e-01 5.20269281e-01)	(1.24287094e-06 -5.82255485e-05 1.22591677e-03)
65              	(-1.24076577e-06 -1.26567136e-01 5.50911868e-01)	(-2.57104942e-06 -1.26499312e-01 5.49576937e-01)	(1.33028365e-06 -6.78234939e-05 1.33493182e-03)
66              	(-1.14963384e-06 -1.34819088e-01 5.82063775e-01)	(-2.57614339e-06 -1.34736179e-01 5.80603371e-01)	(1.42650955e-06 -8.29090844e-05 1.46040406e-03)
67              	(-1.06242039e-06 -1.43509625e-01 6.14853169e-01)	(-2.58919567e-06 -1.43406294e-01 6.13250622e-01)	(1.52677528e-06 -1.03331102e-04 1.60254769e-03)
68              	(-9.66667317e-07 -1.52596748e-01 6.49278541e-01)	(-2.57990105e-06 -1.52466761e-01 6.47516724e-01)	(1.61323373e-06 -1.29987376e-04 1.76181658e-03)
69              	(-8.57159679e-07 -1.62068364e-01 6.85459590e-01)	(-2.52814770e-06 -1.61906381e-01 6.83521406e-01)	(1.67098803e-06 -1.61983216e-04 1.93818463e-03)
70              	(-8.39939038e-07 -1.72029986e-01 7.23540135e-01)	(-2.55328783e-06 -1.71831622e-01 7.21409258e-01)	(1.71334880e-06 -1.98363828e-04 2.13087688e-03)
71              	(-9.66018845e-07 -1.82436918e-01 7.63627961e-01)	(-2.73554495e-06 -1.82195678e-01 7.61287154e-01)	(1.76952611e-06 -2.41239176e-04 2.34080747e-03)
72              	(-1.07748454e-06 -1.93306631e-01 8.05643961e-01)	(-2.84939336e-06 -1.93018370e-01 8.03074920e-01)	(1.77190882e-06 -2.88261455e-04 2.56904102e-03)
73              	(-1.17122675e-06 -2.04676351e-01 8.49567716e-01)	(-2.92246041e-06 -2.04335900e-01 8.46752899e-01)	(1.75123366e-06 -3.40450668e-04 2.81481697e-03)
74              	(-1.28230570e-06 -2.16536437e-01 8.95499630e-01)	(-2.96328325e-06 -2.16138652e-01 8.92422116e-01)	(1.68097755e-06 -3.97784378e-04 3.07751409e-03)
75              	(-1.42040263e-06 -2.28824410e-01 9.43502858e-01)	(-2.99301592e-06 -2.28365679e-01 9.40147021e-01)	(1.57261329e-06 -4.58730881e-04 3.35583733e-03)
76              	(-1.55525812e-06 -2.41626023e-01 9.93579359e-01)	(-3.00744884e-06 -2.41102116e-01 9.89929944e-01)	(1.45219071e-06 -5.23906869e-04 3.64941548e-03)
77              	(-1.67144329e-06 -2.55082081e-01 1.04572527e+00)	(-2.99229212e-06 -2.54489417e-01 1.04176641e+00)	(1.32084884e-06 -5.92664394e-04 3.95886208e-03)
78              	(-1.74370428e-06 -2.69198543e-01 1.09986597e+00)	(-2.90199399e-06 -2.68532304e-01 1.09558188e+00)	(1.15828971e-06 -6.66239092e-04 4.28409360e-03)
79              	(-1.84560523e-06 -2.83867567e-01 1.15596365e+00)	(-2.79381220e-06 -2.83122613e-01 1.15133876e+00)	(9.48206973e-07 -7.44954811e-04 4.62488920e-03)
80              	(-2.01798708e-06 -2.99066503e-01 1.21408431e+00)	(-2.72951700e-06 -2.98238826e-01 1.20910346e+00)	(7.11529919e-07 -8.27677300e-04 4.98085468e-03)
81              	(-2.25972107e-06 -3.14829967e-01 1.27437066e+00)	(-2.69460961e-06 -3.13914906e-01 1.26901913e+00)	(4.34888539e-07 -9.15061082e-04 5.35153602e-03)
82              	(-2.57389939e-06 -3.31269044e-01 1.33694501e+00)	(-2.67490966e-06 -3.30262363e-01 1.33120762e+00)	(1.01010265e-07 -1.00668117e-03 5.73738910e-03)
83              	(-2.93158790e-06 -3.48445932e-01 1.40193429e+00)	(-2.67411305e-06 -3.47342395e-01 1.39579598e+00)	(-2.57474853e-07 -1.10353687e-03 6.13831462e-03)
84              	(-3.24559120e-06 -3.66407077e-01 1.46931573e+00)	(-2.68921007e-06 -3.65203755e-01 1.46276208e+00)	(-5.56381127e-07 -1.20332218e-03 6.55365584e-03)
85              	(-3.61426826e-06 -3.85043615e-01 1.53903010e+00)	(-2.72349404e-06 -3.83736368e-01 1.53204673e+00)	(-8.90774228e-07 -1.30724670e-03 6.98336573e-03)
86              	(-3.98478354e-06 -4.04203614e-01 1.61101910e+00)	(-2.75935555e-06 -4.02788048e-01 1.60359150e+00)	(-1.22542799e-06 -1.41556552e-03 7.42760153e-03)
87              	(-4.37824978e-06 -4.23890232e-01 1.68541747e+00)	(-2.79801081e-06 -4.22362849e-01 1.67753209e+00)	(-1.58023897e-06 -1.52738242e-03 7.88537638e-03)
88              	(-4.82774005e-06 -4.44153076e-01 1.76232734e+00)	(-2.83519497e-06 -4.42509441e-01 1.75396750e+00)	(-1.99254508e-06 -1.64363493e-03 8.35984399e-03)
89              	(-5.28475976e-06 -4.65132163e-01 1.84198220e+00)	(-2.85646069e-06 -4.63370039e-01 1.83313215e+00)	(-2.42829907e-06 -1.76212463e-03 8.85004788e-03)
90              	(-5.74520522e-06 -4.86815014e-01 1.92430527e+00)	(-2.88185831e-06 -4.84930612e-01 1.91495001e+00)	(-2.86334691e-06 -1.88440159e-03 9.35526170e-03)
91              	(-6.28017354e-06 -5.09062342e-01 2.00917406e+00)	(-2.92577026e-06 -5.07052717e-01 1.99929838e+00)	(-3.35440327e-06 -2.00962409e-03 9.87567495e-03)
92              	(-6.87590574e-06 -5.31830318e-01 2.09632660e+00)	(-2.95611347e-06 -5.29692933e-01 2.08591488e+00)	(-3.91979227e-06 -2.13738460e-03 1.04117234e-02)
93              	(-7.47879289e-06 -5.55237019e-01 2.18583008e+00)	(-2.95153517e-06 -5.52969418e-01 2.17486744e+00)	(-4.52725772e-06 -2.26760140e-03 1.09626336e-02)
94              	(-8.04165456e-06 -5.79339306e-01 2.27786561e+00)	(-2.91976175e-06 -5.76939311e-01 2.26633621e+00)	(-5.12189281e-06 -2.39999539e-03 1.15294035e-02)
95              	(-8.60874015e-06 -6.04016816e-01 2.37230464e+00)	(-2.85000241e-06 -6.01481419e-01 2.36019195e+00)	(-5.75873774e-06 -2.53539699e-03 1.21126914e-02)
96              	(-9.18738847e-06 -6.29145163e-01 2.46890517e+00)	(-2.75506026e-06 -6.26471634e-01 2.45619185e+00)	(-6.43232821e-06 -2.67352953e-03 1.27133188e-02)
97              	(-9.82009182e-06 -6.54648907e-01 2.56730144e+00)	(-2.66768052e-06 -6.51834501e-01 2.55396965e+00)	(-7.15241129e-06 -2.81440620e-03 1.33317878e-02)
98              	(-1.05074037e-05 -6.80580130e-01 2.66722740e+00)	(-2.59916367e-06 -6.77622654e-01 2.65325956e+00)	(-7.90824005e-06 -2.95747503e-03 1.39678367e-02)
99              	(-1.12070153e-05 -7.06873331e-01 2.76858873e+00)	(-2.53432439e-06 -7.03770924e-01 2.75396763e+00)	(-8.67269096e-06 -3.10240681e-03 1.46210925e-02)
100             	(-1.19562243e-05 -7.33483141e-01 2.87108649e+00)	(-2.46196502e-06 -7.30233788e-01 2.85579459e+00)	(-9.49425924e-06 -3.24935273e-03 1.52919032e-02)
101             	(-1.27772613e-05 -7.60418249e-01 2.97434823e+00)	(-2.37093758e-06 -7.57020052e-01 2.95836864e+00)	(-1.04063237e-05 -3.39819699e-03 1.59795864e-02)
102             	(-1.36786416e-05 -7.87578090e-01 3.07788989e+00)	(-2.26013329e-06 -7.84028598e-01 3.06120709e+00)	(-1.14185083e-05 -3.54949227e-03 1.66827972e-02)
103             	(-1.46375764e-05 -8.14765347e-01 3.18123658e+00)	(-2.14227461e-06 -8.11061458e-01 3.16383635e+00)	(-1.24953018e-05 -3.70388863e-03 1.74002281e-02)
104             	(-1.56253332e-05 -8.41815682e-01 3.28399966e+00)	(-2.02418010e-06 -8.37955669e-01 3.26586866e+00)	(-1.36011531e-05 -3.86001249e-03 1.81309988e-02)
105             	(-1.66831286e-05 -8.68737074e-01 3.38576184e+00)	(-1.90590753e-06 -8.64719645e-01 3.36688841e+00)	(-1.47772211e-05 -4.01742888e-03 1.88734313e-02)
106             	(-1.78462311e-05 -8.95690931e-01 3.48603269e+00)	(-1.78282266e-06 -8.91514303e-01 3.46640659e+00)	(-1.60634084e-05 -4.17662841e-03 1.96260957e-02)
107             	(-1.91254183e-05 -9.22441946e-01 3.58405787e+00)	(-1.66296628e-06 -9.18105566e-01 3.56367182e+00)	(-1.74624520e-05 -4.33637972e-03 2.03860505e-02)
108             	(-2.05034682e-05 -9.48758720e-01 3.67915959e+00)	(-1.55800188e-06 -9.44260618e-01 3.65800833e+00)	(-1.89454663e-05 -4.49810178e-03 2.11512644e-02)
109             	(-2.19849562e-05 -9.74511071e-01 3.77068553e+00)	(-1.46643073e-06 -9.69849804e-01 3.74876661e+00)	(-2.05185255e-05 -4.66126686e-03 2.19189128e-02)
110             	(-2.35496462e-05 -9.99568674e-01 3.85767185e+00)	(-1.37028709e-06 -9.94743969e-01 3.83498717e+00)	(-2.21793591e-05 -4.82470582e-03 2.26846777e-02)
111             	(-2.52624341e-05 -1.02381045e+00 3.93922824e+00)	(-1.26485253e-06 -1.01882175e+00 3.91578403e+00)	(-2.39975815e-05 -4.98869576e-03 2.34442089e-02)
112             	(-2.71479847e-05 -1.04679477e+00 4.01442952e+00)	(-1.16551888e-06 -1.04164178e+00 3.99023623e+00)	(-2.59824659e-05 -5.15298226e-03 2.41932870e-02)
113             	(-2.91786336e-05 -1.06832060e+00 4.08260930e+00)	(-1.09014951e-06 -1.06300447e+00 4.05768284e+00)	(-2.80884841e-05 -5.31612601e-03 2.49264545e-02)
114             	(-3.13971775e-05 -1.08835287e+00 4.14272249e+00)	(-1.03728452e-06 -1.08287567e+00 4.11708360e+00)	(-3.03598930e-05 -5.47719408e-03 2.56388912e-02)
115             	(-3.38119939e-05 -1.10670120e+00 4.19366186e+00)	(-9.96995818e-07 -1.10106531e+00 4.16733769e+00)	(-3.28149980e-05 -5.63589351e-03 2.63241702e-02)
116             	(-3.63618359e-05 -1.12305618e+00 4.23445319e+00)	(-9.44291337e-07 -1.11726445e+00 4.20747537e+00)	(-3.54175445e-05 -5.79172936e-03 2.69778229e-02)
117             	(-3.91274898e-05 -1.13702645e+00 4.26443512e+00)	(-8.47932246e-07 -1.13108402e+00 4.23684151e+00)	(-3.82795575e-05 -5.94242654e-03 2.75936171e-02)
118             	(-4.21286360e-05 -1.14827641e+00 4.28290264e+00)	(-6.77598396e-07 -1.14219011e+00 4.25473863e+00)	(-4.14510376e-05 -6.08629598e-03 2.81640061e-02)
119             	(-4.53151452e-05 -1.15662512e+00 4.28922708e+00)	(-4.28803014e-07 -1.15040224e+00 4.26054482e+00)	(-4.48863422e-05 -6.22287638e-03 2.86822594e-02)
120             	(-4.87515124e-05 -1.16174703e+00 4.28237520e+00)	(-1.47127652e-07 -1.15539639e+00 4.25323410e+00)	(-4.86043848e-05 -6.35064122e-03 2.91411001e-02)
121             	(-5.25084191e-05 -1.16334459e+00 4.26157931e+00)	(1.52622293e-07 -1.15687668e+00 4.23204647e+00)	(-5.26610414e-05 -6.46791163e-03 2.95328342e-02)
122             	(-5.65884573e-05 -1.16130981e+00 4.22635288e+00)	(4.66277502e-07 -1.15473672e+00 4.19650354e+00)	(-5.70547348e-05 -6.57309111e-03 2.98493409e-02)
123             	(-6.09692432e-05 -1.15564918e+00 4.17664651e+00)	(7.75053567e-07 -1.14898434e+00 4.14656267e+00)	(-6.17442968e-05 -6.66483998e-03 3.00838381e-02)
124             	(-6.56549390e-05 -1.14648005e+00 4.11231082e+00)	(1.05127257e-06 -1.13973800e+00 4.08208035e+00)	(-6.67062116e-05 -6.74204934e-03 3.02304777e-02)
125             	(-7.06775679e-05 -1.13380906e+00 4.03300465e+00)	(1.29758343e-06 -1.12700391e+00 4.00272218e+00)	(-7.19751514e-05 -6.80515336e-03 3.02824696e-02)
126             	(-7.59002941e-05 -1.11749668e+00 3.93831359e+00)	(1.53941245e-06 -1.11064451e+00 3.90807918e+00)	(-7.74397065e-05 -6.85217201e-03 3.02344155e-02)
127             	(-8.12852753e-05 -1.09729496e+00 3.82772290e+00)	(1.76638114e-06 -1.09041365e+00 3.79764294e+00)	(-8.30516565e-05 -6.88130951e-03 3.00799601e-02)
128             	(-8.67564008e-05 -1.07297036e+00 3.70111664e+00)	(1.96779461e-06 -1.06608046e+00 3.67130395e+00)	(-8.87241954e-05 -6.88989317e-03 2.98126984e-02)
129             	(-9.22243141e-05 -1.04457943e+00 3.55871661e+00)	(2.15104186e-06 -1.03770266e+00 3.52928747e+00)	(-9.43753560e-05 -6.87677208e-03 2.94291381e-02)
130             	(-9.75870445e-05 -1.01238697e+00 3.40136087e+00)	(2.32699494e-06 -1.00554616e+00 3.37243414e+00)	(-9.99140395e-05 -6.84081024e-03 2.89267299e-02)
131             	(-1.02772524e-04 -9.76779165e-01 3.23064038e+00)	(2.51457588e-06 -9.69997846e-01 3.20233410e+00)	(-1.05287100e-04 -6.78131894e-03 2.83062771e-02)
132             	(-1.07822386e-04 -9.38095680e-01 3.04801146e+00)	(2.70909240e-06 -9.31398070e-01 3.02044198e+00)	(-1.10531479e-04 -6.69760983e-03 2.75694822e-02)
133             	(-1.12678814e-04 -8.96404441e-01 2.85499431e+00)	(2.92295189e-06 -8.89814748e-01 2.82827670e+00)	(-1.15601766e-04 -6.58969274e-03 2.67176069e-02)
134             	(-1.17247595e-04 -8.51738631e-01 2.65385393e+00)	(3.16634507e-06 -8.45281393e-01 2.62810084e+00)	(-1.20413940e-04 -6.45723866e-03 2.57530846e-02)
135             	(-1.21562269e-04 -8.04889111e-01 2.44662237e+00)	(3.42173689e-06 -7.98588376e-01 2.42193985e+00)	(-1.24984005e-04 -6.30073514e-03 2.46825245e-02)
136             	(-1.25611566e-04 -7.56141481e-01 2.23433698e+00)	(3.67430543e-06 -7.50020027e-01 2.21082674e+00)	(-1.29285872e-04 -6.12145363e-03 2.35102352e-02)
137             	(-1.29407050e-04 -7.06136240e-01 2.01943318e+00)	(3.92461109e-06 -7.00215568e-01 1.99719301e+00)	(-1.33331661e-04 -5.92067239e-03 2.22401669e-02)
138             	(-1.32995082e-04 -6.55642527e-01 1.80448685e+00)	(4.16613967e-06 -6.49943071e-01 1.78360950e+00)	(-1.37161221e-04 -5.69945674e-03 2.08773545e-02)
139             	(-1.36312152e-04 -6.05554400e-01 1.59267857e+00)	(4.38337454e-06 -6.00094559e-01 1.57324837e+00)	(-1.40695526e-04 -5.45984094e-03 1.94302049e-02)
140             	(-1.39343914e-04 -5.56699071e-01 1.38727717e+00)	(4.55467721e-06 -5.51494487e-01 1.36936787e+00)	(-1.43898591e-04 -5.20458433e-03 1.79093077e-02)
141             	(-1.42102288e-04 -5.09432066e-01 1.19215773e+00)	(4.67843940e-06 -5.04494999e-01 1.17582801e+00)	(-1.46780727e-04 -4.93706616e-03 1.63297150e-02)
142             	(-1.44579690e-04 -4.64081287e-01 1.00988684e+00)	(4.72907100e-06 -4.59421254e-01 9.95176770e-01)	(-1.49308761e-04 -4.66003278e-03 1.47100654e-02)
143             	(-1.46632879e-04 -4.21037949e-01 8.41778176e-01)	(4.69478768e-06 -4.16662393e-01 8.28707915e-01)	(-1.51327667e-04 -4.37555589e-03 1.30702615e-02)
144             	(-1.48266452e-04 -3.80809563e-01 6.88468339e-01)	(4.57607746e-06 -3.76722812e-01 6.77039428e-01)	(-1.52842530e-04 -4.08675111e-03 1.14289119e-02)
145             	(-1.49387375e-04 -3.43854781e-01 5.51298002e-01)	(4.39854664e-06 -3.40058282e-01 5.41493277e-01)	(-1.53785922e-04 -3.79649904e-03 9.80472443e-03)
146             	(-1.49820102e-04 -3.10761620e-01 4.31726853e-01)	(4.17685639e-06 -3.07254613e-01 4.23509055e-01)	(-1.53996958e-04 -3.50700678e-03 8.21779750e-03)
147             	(-1.49508882e-04 -2.81739869e-01 3.31052714e-01)	(3.93244642e-06 -2.78517554e-01 3.24365500e-01)	(-1.53441328e-04 -3.22231467e-03 6.68721385e-03)
148             	(-1.48322556e-04 -2.56699788e-01 2.51075257e-01)	(3.66837277e-06 -2.53754433e-01 2.45841996e-01)	(-1.51990929e-04 -2.94535480e-03 5.23326098e-03)
149             	(-1.46261777e-04 -2.35407031e-01 1.92210497e-01)	(3.37857167e-06 -2.32729113e-01 1.88334046e-01)	(-1.49640348e-04 -2.67791812e-03 3.87645030e-03)
150             	(-1.43308133e-04 -2.17755837e-01 1.53248560e-01)	(3.06841475e-06 -2.15332397e-01 1.50610543e-01)	(-1.46376548e-04 -2.42344021e-03 2.63801790e-03)
151             	(-1.39622779e-04 -2.03747515e-01 1.31882646e-01)	(2.74470654e-06 -2.01562686e-01 1.30349793e-01)	(-1.42367486e-04 -2.18482979e-03 1.53285319e-03)
152             	(-1.35286473e-04 -1.93128149e-01 1.26475745e-01)	(2.41190807e-06 -1.91164552e-01 1.25906404e-01)	(-1.37698381e-04 -1.96359681e-03 5.69341136e-04)
153             	(-1.30387808e-04 -1.85701275e-01 1.35176482e-01)	(2.07336937e-06 -1.83941009e-01 1.35427287e-01)	(-1.32461178e-04 -1.76026588e-03 -2.50805335e-04)
154             	(-1.25103808e-04 -1.81262835e-01 1.56479279e-01)	(1.72652696e-06 -1.79684790e-01 1.57407722e-01)	(-1.26830335e-04 -1.57804498e-03 -9.28442873e-04)
155             	(-1.19600061e-04 -1.79626484e-01 1.89741771e-01)	(1.36953568e-06 -1.78208741e-01 1.91208699e-01)	(-1.20969596e-04 -1.41774346e-03 -1.46692737e-03)
156             	(-1.13881656e-04 -1.80469019e-01 2.34627930e-01)	(1.01695547e-06 -1.79190043e-01 2.36495527e-01)	(-1.14898612e-04 -1.27897642e-03 -1.86759791e-03)
157             	(-1.08093534e-04 -1.83526276e-01 2.90313957e-01)	(6.49095761e-07 -1.82363420e-01 2.92449699e-01)	(-1.08742630e-04 -1.16285661e-03 -2.13574168e-03)
158             	(-1.02245734e-04 -1.88155894e-01 3.54572254e-01)	(2.83325674e-07 -1.87084381e-01 3.56851445e-01)	(-1.02529060e-04 -1.07151270e-03 -2.27919042e-03)
159             	(-9.62992186e-05 -1.94119736e-01 4.25025364e-01)	(-4.48882874e-08 -1.93117223e-01 4.27335151e-01)	(-9.62543303e-05 -1.00251317e-03 -2.30978646e-03)
160             	(-9.02752141e-05 -2.01492181e-01 4.98969175e-01)	(-3.09058298e-07 -2.00536941e-01 5.01211007e-01)	(-8.99661558e-05 -9.55239707e-04 -2.24183217e-03)
161             	(-8.41913176e-05 -2.10286344e-01 5.75299477e-01)	(-4.93661289e-07 -2.09357210e-01 5.77388510e-01)	(-8.36976564e-05 -9.29134104e-04 -2.08903255e-03)
162             	(-7.81001847e-05 -2.20484024e-01 6.53680775e-01)	(-5.77672602e-07 -2.19560630e-01 6.55542687e-01)	(-7.75225121e-05 -9.23394588e-04 -1.86191286e-03)
163             	(-7.20346776e-05 -2.31809415e-01 7.33842557e-01)	(-5.71694455e-07 -2.30873009e-01 7.35410662e-01)	(-7.14629832e-05 -9.36406370e-04 -1.56810473e-03)
164             	(-6.61427377e-05 -2.43734789e-01 8.14963745e-01)	(-5.28982335e-07 -2.42768557e-01 8.16177901e-01)	(-6.56137554e-05 -9.66231950e-04 -1.21415593e-03)
165             	(-6.05788684e-05 -2.55707194e-01 8.96281879e-01)	(-4.73913146e-07 -2.54696899e-01 8.97087338e-01)	(-6.01049552e-05 -1.01029514e-03 -8.05458438e-04)
166             	(-5.55463788e-05 -2.67400193e-01 9.76201740e-01)	(-4.17584636e-07 -2.66335543e-01 9.76551865e-01)	(-5.51287941e-05 -1.06465029e-03 -3.50125436e-04)
167             	(-5.10275735e-05 -2.78702563e-01 1.05367551e+00)	(-3.56924081e-07 -2.77575453e-01 1.05353194e+00)	(-5.06706494e-05 -1.12711063e-03 1.43570074e-04)
168             	(-4.69676270e-05 -2.89743356e-01 1.12824917e+00)	(-2.89418643e-07 -2.88548374e-01 1.12758331e+00)	(-4.66782084e-05 -1.19498218e-03 6.65861146e-04)
169             	(-4.33441775e-05 -3.00632468e-01 1.19926373e+00)	(-2.03773924e-07 -2.99366008e-01 1.19805730e+00)	(-4.31404036e-05 -1.26645958e-03 1.20643018e-03)
170             	(-4.00498495e-05 -3.11149110e-01 1.26590304e+00)	(-1.03903612e-07 -3.09808214e-01 1.26414706e+00)	(-3.99459459e-05 -1.34089636e-03 1.75597871e-03)
171             	(-3.70966335e-05 -3.21127739e-01 1.32718577e+00)	(1.89251262e-08 -3.19709454e-01 1.32487899e+00)	(-3.71155587e-05 -1.41828518e-03 2.30677428e-03)
172             	(-3.44575072e-05 -3.30570867e-01 1.38207305e+00)	(1.62476401e-07 -3.29073833e-01 1.37922227e+00)	(-3.46199836e-05 -1.49703438e-03 2.85077939e-03)
173             	(-3.20852971e-05 -3.39366827e-01 1.42983709e+00)	(3.21077630e-07 -3.37791099e-01 1.42645595e+00)	(-3.24063747e-05 -1.57572731e-03 3.38114231e-03)
174             	(-2.99509082e-05 -3.47356483e-01 1.47000637e+00)	(4.79196631e-07 -3.45702977e-01 1.46611536e+00)	(-3.04301048e-05 -1.65350562e-03 3.89101622e-03)
175             	(-2.79972488e-05 -3.54505533e-01 1.50245992e+00)	(6.35825739e-07 -3.52776308e-01 1.49808434e+00)	(-2.86330746e-05 -1.72922538e-03 4.37557902e-03)
176             	(-2.62029435e-05 -3.60854196e-01 1.52709164e+00)	(7.86036288e-07 -3.59051210e-01 1.52226092e+00)	(-2.69889797e-05 -1.80298668e-03 4.83072423e-03)
177             	(-2.45421707e-05 -3.66342624e-01 1.54393965e+00)	(9.37169046e-07 -3.64468129e-01 1.53868580e+00)	(-2.54793397e-05 -1.87449532e-03 5.25384992e-03)
178             	(-2.30310977e-05 -3.70992196e-01 1.55334010e+00)	(1.07906487e-06 -3.69049357e-01 1.54769659e+00)	(-2.41101626e-05 -1.94283989e-03 5.64350907e-03)
179             	(-2.16698978e-05 -3.74797951e-01 1.55589659e+00)	(1.20823082e-06 -3.72789963e-01 1.54989681e+00)	(-2.28781286e-05 -2.00798812e-03 5.99978212e-03)
180             	(-2.05331582e-05 -3.77943034e-01 1.55257388e+00)	(1.29936042e-06 -3.75873067e-01 1.54625025e+00)	(-2.18325187e-05 -2.06996714e-03 6.32362919e-03)
181             	(-1.95983200e-05 -3.80518629e-01 1.54434600e+00)	(1.34809624e-06 -3.78389549e-01 1.53772894e+00)	(-2.09464163e-05 -2.12907947e-03 6.61706477e-03)
182             	(-1.88533188e-05 -3.82643219e-01 1.53246346e+00)	(1.34839943e-06 -3.80457839e-01 1.52558100e+00)	(-2.02017183e-05 -2.18538034e-03 6.88246027e-03)
183             	(-1.82762817e-05 -3.84393947e-01 1.51802185e+00)	(1.31606185e-06 -3.82154701e-01 1.51089861e+00)	(-1.95923435e-05 -2.23924587e-03 7.12324060e-03)
184             	(-1.78653641e-05 -3.85830115e-01 1.50195640e+00)	(1.26479207e-06 -3.83539378e-01 1.49461366e+00)	(-1.91301562e-05 -2.29073664e-03 7.34274168e-03)
185             	(-1.75963806e-05 -3.87006322e-01 1.48499607e+00)	(1.21926091e-06 -3.84665988e-01 1.47745185e+00)	(-1.88156416e-05 -2.34033439e-03 7.54421221e-03)
186             	(-1.74560743e-05 -3.87975053e-01 1.46785526e+00)	(1.18859832e-06 -3.85586955e-01 1.46012496e+00)	(-1.86446726e-05 -2.38809738e-03 7.73029315e-03)
187             	(-1.74252496e-05 -3.88788075e-01 1.45124673e+00)	(1.17212953e-06 -3.86353914e-01 1.44334321e+00)	(-1.85973791e-05 -2.43416150e-03 7.90352361e-03)
188             	(-1.74971028e-05 -3.89505393e-01 1.43584087e+00)	(1.15796036e-06 -3.87027161e-01 1.42777531e+00)	(-1.86550632e-05 -2.47823191e-03 8.06556019e-03)
189             	(-1.76444617e-05 -3.90184175e-01 1.42214963e+00)	(1.15171732e-06 -3.87664159e-01 1.41393202e+00)	(-1.87961790e-05 -2.52001636e-03 8.21761137e-03)
190             	(-1.78868959e-05 -3.90878845e-01 1.41057062e+00)	(1.15000380e-06 -3.88319192e-01 1.40221031e+00)	(-1.90368997e-05 -2.55965276e-03 8.36031611e-03)
191             	(-1.81943189e-05 -3.91602325e-01 1.40134331e+00)	(1.15943035e-06 -3.89005256e-01 1.39284899e+00)	(-1.93537492e-05 -2.59706867e-03 8.49431720e-03)
192             	(-1.85782329e-05 -3.92370729e-01 1.39453161e+00)	(1.17338341e-06 -3.89738729e-01 1.38591200e+00)	(-1.97516163e-05 -2.63200028e-03 8.61960475e-03)
193             	(-1.90191715e-05 -3.93205928e-01 1.39010863e+00)	(1.19552384e-06 -3.90541326e-01 1.38137248e+00)	(-2.02146953e-05 -2.66460236e-03 8.73615402e-03)
194             	(-1.95106576e-05 -3.94130084e-01 1.38799167e+00)	(1.21793682e-06 -3.91435644e-01 1.37914845e+00)	(-2.07285944e-05 -2.69444008e-03 8.84322282e-03)
195             	(-2.00465202e-05 -3.95167249e-01 1.38806987e+00)	(1.24046015e-06 -3.92445684e-01 1.37912926e+00)	(-2.12869804e-05 -2.72156488e-03 8.94061278e-03)
196             	(-2.06348568e-05 -3.96340234e-01 1.39026872e+00)	(1.25621618e-06 -3.93594232e-01 1.38124089e+00)	(-2.18910729e-05 -2.74600214e-03 9.02783112e-03)
197             	(-2.12506067e-05 -3.97659086e-01 1.39446310e+00)	(1.26884136e-06 -3.94891124e-01 1.38535776e+00)	(-2.25194480e-05 -2.76796202e-03 9.10533792e-03)
198             	(-2.18952376e-05 -3.99129778e-01 1.40045091e+00)	(1.27296038e-06 -3.96342206e-01 1.39127723e+00)	(-2.31681980e-05 -2.78757138e-03 9.17367571e-03)
199             	(-2.25499274e-05 -4.00758457e-01 1.40799576e+00)	(1.27268224e-06 -3.97953183e-01 1.39876182e+00)	(-2.38226097e-05 -2.80527408e-03 9.23393571e-03)
200             	(-2.32133162e-05 -4.02560044e-01 1.41685686e+00)	(1.26371530e-06 -3.99738735e-01 1.40756983e+00)	(-2.44770315e-05 -2.82130891e-03 9.28703691e-03)
201             	(-2.38623739e-05 -4.04539377e-01 1.42681279e+00)	(1.25029394e-06 -4.01703264e-01 1.41747842e+00)	(-2.51126678e-05 -2.83611338e-03 9.33437230e-03)
202             	(-2.44921822e-05 -4.06700460e-01 1.43767006e+00)	(1.23005710e-06 -4.03850536e-01 1.42829289e+00)	(-2.57222393e-05 -2.84992408e-03 9.37717918e-03)
203             	(-2.50828396e-05 -4.09044662e-01 1.44921388e+00)	(1.20967995e-06 -4.06181453e-01 1.43979683e+00)	(-2.62925196e-05 -2.86320970e-03 9.41705189e-03)
204             	(-2.56247080e-05 -4.11573733e-01 1.46125066e+00)	(1.18603237e-06 -4.08697617e-01 1.45179552e+00)	(-2.68107404e-05 -2.87611559e-03 9.45514035e-03)
205             	(-2.60918801e-05 -4.14275028e-01 1.47359498e+00)	(1.16403048e-06 -4.11386042e-01 1.46410206e+00)	(-2.72559106e-05 -2.88898559e-03 9.49292135e-03)
206             	(-2.64805481e-05 -4.17140843e-01 1.48608610e+00)	(1.14014868e-06 -4.14238867e-01 1.47655462e+00)	(-2.76206968e-05 -2.90197545e-03 9.53147530e-03)
207             	(-2.67734627e-05 -4.20155119e-01 1.49853279e+00)	(1.12040134e-06 -4.17239693e-01 1.48896081e+00)	(-2.78938641e-05 -2.91542625e-03 9.57198345e-03)
208             	(-2.69706906e-05 -4.23318133e-01 1.51078383e+00)	(1.10265493e-06 -4.20388696e-01 1.50116869e+00)	(-2.80733455e-05 -2.92943704e-03 9.61513426e-03)
209             	(-2.70662610e-05 -4.26614429e-01 1.52269833e+00)	(1.09070687e-06 -4.23670102e-01 1.51303668e+00)	(-2.81569679e-05 -2.94432683e-03 9.66164507e-03)
210             	(-2.70668314e-05 -4.30023918e-01 1.53411519e+00)	(1.08035970e-06 -4.27063755e-01 1.52440342e+00)	(-2.81471911e-05 -2.96016258e-03 9.71177615e-03)
211             	(-2.69657450e-05 -4.33532787e-01 1.54487142e+00)	(1.07555427e-06 -4.30555637e-01 1.53510566e+00)	(-2.80412993e-05 -2.97715018e-03 9.76575736e-03)
212             	(-2.67811669e-05 -4.37099942e-01 1.55481072e+00)	(1.07153572e-06 -4.34104635e-01 1.54498739e+00)	(-2.78527026e-05 -2.99530677e-03 9.82333109e-03)
213             	(-2.65095985e-05 -4.40677899e-01 1.56378220e+00)	(1.07132890e-06 -4.37663230e-01 1.55389795e+00)	(-2.75809274e-05 -3.01466876e-03 9.88424694e-03)
214             	(-2.61626879e-05 -4.44225027e-01 1.57166925e+00)	(1.07092109e-06 -4.41189981e-01 1.56172145e+00)	(-2.72336090e-05 -3.03504607e-03 9.94780032e-03)
215             	(-2.57456962e-05 -4.47695952e-01 1.57833254e+00)	(1.07524110e-06 -4.44639500e-01 1.56831919e+00)	(-2.68209373e-05 -3.05645223e-03 1.00133505e-02)
216             	(-2.52719574e-05 -4.51054953e-01 1.58367261e+00)	(1.08132889e-06 -4.47976341e-01 1.57359277e+00)	(-2.63532863e-05 -3.07861204e-03 1.00798383e-02)
217             	(-2.47467979e-05 -4.54262359e-01 1.58759832e+00)	(1.09430998e-06 -4.51160935e-01 1.57745202e+00)	(-2.58411079e-05 -3.10142384e-03 1.01462976e-02)
218             	(-2.41860919e-05 -4.57299266e-01 1.59002910e+00)	(1.11224772e-06 -4.54174666e-01 1.57981757e+00)	(-2.52983397e-05 -3.12460033e-03 1.02115330e-02)
219             	(-2.35948940e-05 -4.60143518e-01 1.59088816e+00)	(1.13920560e-06 -4.56995444e-01 1.58061356e+00)	(-2.47340996e-05 -3.14807377e-03 1.02745965e-02)
220             	(-2.29863626e-05 -4.62767139e-01 1.59012120e+00)	(1.17096506e-06 -4.59595630e-01 1.57978698e+00)	(-2.41573276e-05 -3.17150843e-03 1.03342183e-02)
221             	(-2.23640251e-05 -4.65132616e-01 1.58768662e+00)	(1.20990058e-06 -4.61937882e-01 1.57729734e+00)	(-2.35739257e-05 -3.19473491e-03 1.03892842e-02)
222             	(-2.17455424e-05 -4.67207473e-01 1.58359581e+00)	(1.25176048e-06 -4.63990051e-01 1.57315732e+00)	(-2.29973029e-05 -3.21742175e-03 1.04384895e-02)
223             	(-2.11345754e-05 -4.68975201e-01 1.57790186e+00)	(1.30005152e-06 -4.65735785e-01 1.56742094e+00)	(-2.24346269e-05 -3.23941596e-03 1.04809180e-02)
224             	(-2.05455568e-05 -4.70427184e-01 1.57066383e+00)	(1.35132647e-06 -4.67166797e-01 1.56014824e+00)	(-2.18968833e-05 -3.26038660e-03 1.05155921e-02)
225             	(-1.99806439e-05 -4.71545500e-01 1.56195685e+00)	(1.40849058e-06 -4.68265298e-01 1.55141505e+00)	(-2.13891344e-05 -3.28020237e-03 1.05417995e-02)
226             	(-1.94515294e-05 -4.72319117e-01 1.55185920e+00)	(1.46681216e-06 -4.69020562e-01 1.54130046e+00)	(-2.09183416e-05 -3.29855559e-03 1.05587407e-02)
227             	(-1.89586200e-05 -4.72740829e-01 1.54047890e+00)	(1.52758190e-06 -4.69425478e-01 1.52991294e+00)	(-2.04862019e-05 -3.31535152e-03 1.05659625e-02)
228             	(-1.85139010e-05 -4.72827112e-01 1.52797973e+00)	(1.58580250e-06 -4.69496726e-01 1.51741677e+00)	(-2.00997035e-05 -3.33038658e-03 1.05629592e-02)
229             	(-1.81144621e-05 -4.72573706e-01 1.51450367e+00)	(1.64325432e-06 -4.69230079e-01 1.50395405e+00)	(-1.97577164e-05 -3.34362654e-03 1.05496160e-02)
230             	(-1.77670361e-05 -4.71997932e-01 1.50022725e+00)	(1.69554637e-06 -4.68643060e-01 1.48970146e+00)	(-1.94625825e-05 -3.35487264e-03 1.05257886e-02)
231             	(-1.74679899e-05 -4.71107112e-01 1.48532340e+00)	(1.74488693e-06 -4.67743021e-01 1.47483165e+00)	(-1.92128768e-05 -3.36409120e-03 1.04917470e-02)
232             	(-1.72213604e-05 -4.69916680e-01 1.46997576e+00)	(1.78798100e-06 -4.66545527e-01 1.45952806e+00)	(-1.90093414e-05 -3.37115271e-03 1.04476972e-02)
233             	(-1.70198741e-05 -4.68450971e-01 1.45434584e+00)	(1.82746791e-06 -4.65074886e-01 1.44395165e+00)	(-1.88473420e-05 -3.37608416e-03 1.03941908e-02)
234             	(-1.68660141e-05 -4.66737748e-01 1.43859301e+00)	(1.86030390e-06 -4.63358958e-01 1.42826128e+00)	(-1.87263180e-05 -3.37878921e-03 1.03317293e-02)
235             	(-1.67477657e-05 -4.64807275e-01 1.42287211e+00)	(1.88656560e-06 -4.61427926e-01 1.41261112e+00)	(-1.86343313e-05 -3.37934851e-03 1.02609976e-02)
236             	(-1.66721859e-05 -4.62696490e-01 1.40735827e+00)	(1.90236388e-06 -4.59318715e-01 1.39717554e+00)	(-1.85745498e-05 -3.37777512e-03 1.01827383e-02)
237             	(-1.66306143e-05 -4.60444812e-01 1.39220453e+00)	(1.91047734e-06 -4.57070613e-01 1.38210657e+00)	(-1.85410917e-05 -3.37419940e-03 1.00979582e-02)
238             	(-1.66240222e-05 -4.58086916e-01 1.37750519e+00)	(1.90935480e-06 -4.54718234e-01 1.36749764e+00)	(-1.85333770e-05 -3.36868202e-03 1.00075500e-02)
239             	(-1.66453323e-05 -4.55664440e-01 1.36335214e+00)	(1.90279823e-06 -4.52302967e-01 1.35343953e+00)	(-1.85481306e-05 -3.36147307e-03 9.91260585e-03)
240             	(-1.66925506e-05 -4.53220134e-01 1.34983982e+00)	(1.89016161e-06 -4.49867444e-01 1.34002572e+00)	(-1.85827122e-05 -3.35269036e-03 9.81409240e-03)
241             	(-1.67569558e-05 -4.50786990e-01 1.33703885e+00)	(1.87535902e-06 -4.47444392e-01 1.32732575e+00)	(-1.86323148e-05 -3.34259852e-03 9.71310450e-03)
242             	(-1.68343223e-05 -4.48396310e-01 1.32500541e+00)	(1.85726055e-06 -4.45065004e-01 1.31539487e+00)	(-1.86915828e-05 -3.33130566e-03 9.61053875e-03)
243             	(-1.69147187e-05 -4.46075869e-01 1.31376954e+00)	(1.83846212e-06 -4.42756827e-01 1.30426211e+00)	(-1.87531808e-05 -3.31904226e-03 9.50743102e-03)
244             	(-1.69981917e-05 -4.43854894e-01 1.30334681e+00)	(1.81735131e-06 -4.40548933e-01 1.29394221e+00)	(-1.88155430e-05 -3.30596039e-03 9.40459884e-03)
245             	(-1.70779444e-05 -4.41759634e-01 1.29373133e+00)	(1.79619799e-06 -4.38467322e-01 1.28442839e+00)	(-1.88741424e-05 -3.29231271e-03 9.30294063e-03)
246             	(-1.71563600e-05 -4.39815948e-01 1.28491397e+00)	(1.77312289e-06 -4.36537683e-01 1.27571079e+00)	(-1.89294829e-05 -3.27826535e-03 9.20318125e-03)
247             	(-1.72233188e-05 -4.38046025e-01 1.27686957e+00)	(1.74978764e-06 -4.34781984e-01 1.26776353e+00)	(-1.89731064e-05 -3.26404151e-03 9.10604668e-03)
248             	(-1.72806131e-05 -4.36470946e-01 1.26957309e+00)	(1.72534225e-06 -4.33221156e-01 1.26056101e+00)	(-1.90059553e-05 -3.24979016e-03 9.01207730e-03)
249             	(-1.73216241e-05 -4.35104544e-01 1.26297848e+00)	(1.70224989e-06 -4.31868795e-01 1.25405664e+00)	(-1.90238739e-05 -3.23574916e-03 8.92184509e-03)
250             	(-1.73480362e-05 -4.33958788e-01 1.25703755e+00)	(1.67884295e-06 -4.30736750e-01 1.24820188e+00)	(-1.90268792e-05 -3.22203809e-03 8.83567225e-03)
251             	(-1.73546469e-05 -4.33038408e-01 1.25170272e+00)	(1.65695549e-06 -4.29829587e-01 1.24294881e+00)	(-1.90116024e-05 -3.20882088e-03 8.75391088e-03)
252             	(-1.73435753e-05 -4.32343097e-01 1.24692134e+00)	(1.63482729e-06 -4.29146905e-01 1.23824466e+00)	(-1.89784026e-05 -3.19619269e-03 8.67668260e-03)
253             	(-1.73099687e-05 -4.31874642e-01 1.24264339e+00)	(1.61431569e-06 -4.28690326e-01 1.23403923e+00)	(-1.89242844e-05 -3.18431635e-03 8.60415474e-03)
254             	(-1.72563276e-05 -4.31640171e-01 1.23882712e+00)	(1.59386080e-06 -4.28466942e-01 1.23029079e+00)	(-1.88501884e-05 -3.17322932e-03 8.53632887e-03)
255             	(-1.71795626e-05 -4.31638885e-01 1.23542004e+00)	(1.57523341e-06 -4.28475816e-01 1.22694676e+00)	(-1.87547960e-05 -3.16306896e-03 8.47327965e-03)
256             	(-1.70840293e-05 -4.31867565e-01 1.23237199e+00)	(1.55720211e-06 -4.28713695e-01 1.22395709e+00)	(-1.86412314e-05 -3.15387019e-03 8.41489620e-03)
257             	(-1.69661445e-05 -4.32317443e-01 1.22962789e+00)	(1.54183081e-06 -4.29171728e-01 1.22126681e+00)	(-1.85079753e-05 -3.14571529e-03 8.36108609e-03)
258             	(-1.68305170e-05 -4.32979844e-01 1.22714620e+00)	(1.52810272e-06 -4.29841207e-01 1.21883460e+00)	(-1.83586197e-05 -3.13863715e-03 8.31159867e-03)
259             	(-1.66771046e-05 -4.33841123e-01 1.22488451e+00)	(1.51754114e-06 -4.30708415e-01 1.21661822e+00)	(-1.81946458e-05 -3.13270821e-03 8.26628889e-03)
260             	(-1.65096529e-05 -4.34891490e-01 1.22281090e+00)	(1.50858198e-06 -4.31763597e-01 1.21458602e+00)	(-1.80182349e-05 -3.12789246e-03 8.22487796e-03)
261             	(-1.63265559e-05 -4.36116258e-01 1.22089109e+00)	(1.50283254e-06 -4.32992042e-01 1.21270393e+00)	(-1.78293885e-05 -3.12421558e-03 8.18715676e-03)
262             	(-1.61328415e-05 -4.37498850e-01 1.21909861e+00)	(1.49872790e-06 -4.34377218e-01 1.21094582e+00)	(-1.76315694e-05 -3.12163145e-03 8.15278280e-03)
263             	(-1.59282410e-05 -4.39022728e-01 1.21740595e+00)	(1.49796533e-06 -4.35902562e-01 1.20928443e+00)	(-1.74262064e-05 -3.12016629e-03 8.12152498e-03)
264             	(-1.57156677e-05 -4.40674505e-01 1.21578708e+00)	(1.49959343e-06 -4.37554761e-01 1.20769405e+00)	(-1.72152612e-05 -3.11974473e-03 8.09302522e-03)
265             	(-1.54949573e-05 -4.42437999e-01 1.21421583e+00)	(1.50522244e-06 -4.39317624e-01 1.20614881e+00)	(-1.70001797e-05 -3.12037502e-03 8.06702100e-03)
266             	(-1.52709589e-05 -4.44299198e-01 1.21267498e+00)	(1.51323195e-06 -4.41177212e-01 1.20463181e+00)	(-1.67841908e-05 -3.12198571e-03 8.04316776e-03)
267             	(-1.50441696e-05 -4.46243167e-01 1.21114800e+00)	(1.52485035e-06 -4.43118607e-01 1.20312678e+00)	(-1.65690200e-05 -3.12456030e-03 8.02121780e-03)
268             	(-1.48200160e-05 -4.48258483e-01 1.20962686e+00)	(1.53834768e-06 -4.45130478e-01 1.20162600e+00)	(-1.63583637e-05 -3.12800523e-03 8.00086426e-03)
269             	(-1.45990456e-05 -4.50331608e-01 1.20810170e+00)	(1.55484141e-06 -4.47199308e-01 1.20011978e+00)	(-1.61538870e-05 -3.13230020e-03 7.98191554e-03)
270             	(-1.43868243e-05 -4.52453714e-01 1.20657127e+00)	(1.57264624e-06 -4.49316358e-01 1.19860719e+00)	(-1.59594705e-05 -3.13735656e-03 7.96408450e-03)
271             	(-1.41825732e-05 -4.54614817e-01 1.20503277e+00)	(1.59267682e-06 -4.51471674e-01 1.19708559e+00)	(-1.57752500e-05 -3.14314293e-03 7.94718242e-03)
272             	(-1.39900402e-05 -4.56807203e-01 1.20349063e+00)	(1.61315909e-06 -4.53657649e-01 1.19555968e+00)	(-1.56031993e-05 -3.14955428e-03 7.93094798e-03)
273             	(-1.38090125e-05 -4.59021867e-01 1.20194861e+00)	(1.63524689e-06 -4.55865289e-01 1.19403338e+00)	(-1.54442594e-05 -3.15657781e-03 7.91522712e-03)
274             	(-1.36436971e-05 -4.61254123e-01 1.20041673e+00)	(1.65734473e-06 -4.58090002e-01 1.19251686e+00)	(-1.53010419e-05 -3.16412185e-03 7.89986529e-03)
275             	(-1.34918696e-05 -4.63498934e-01 1.19890327e+00)	(1.68039204e-06 -4.60326778e-01 1.19101846e+00)	(-1.51722617e-05 -3.17215609e-03 7.88480994e-03)
276             	(-1.33556193e-05 -4.65752931e-01 1.19742206e+00)	(1.70278189e-06 -4.62572340e-01 1.18955211e+00)	(-1.50584012e-05 -3.18059024e-03 7.86994473e-03)
277             	(-1.32337864e-05 -4.68014768e-01 1.19598753e+00)	(1.72555733e-06 -4.64825346e-01 1.18813229e+00)	(-1.49593437e-05 -3.18942219e-03 7.85524625e-03)
278             	(-1.31293148e-05 -4.70286868e-01 1.19461999e+00)	(1.74718607e-06 -4.67088287e-01 1.18677934e+00)	(-1.48765009e-05 -3.19858174e-03 7.84064714e-03)
279             	(-1.30389827e-05 -4.72568475e-01 1.19333573e+00)	(1.76891773e-06 -4.69360408e-01 1.18550956e+00)	(-1.48079004e-05 -3.20806649e-03 7.82617441e-03)
280             	(-1.29643903e-05 -4.74860415e-01 1.19215447e+00)	(1.78922860e-06 -4.71642604e-01 1.18434268e+00)	(-1.47536189e-05 -3.21781049e-03 7.81179067e-03)
281             	(-1.29024636e-05 -4.77163367e-01 1.19109326e+00)	(1.80931885e-06 -4.73935541e-01 1.18329568e+00)	(-1.47117825e-05 -3.22782578e-03 7.79758039e-03)
282             	(-1.28555533e-05 -4.79480833e-01 1.19017140e+00)	(1.82769840e-06 -4.76242765e-01 1.18238784e+00)	(-1.46832517e-05 -3.23806819e-03 7.78356041e-03)
283             	(-1.28201605e-05 -4.81817973e-01 1.18940470e+00)	(1.84602331e-06 -4.78569399e-01 1.18163484e+00)	(-1.46661838e-05 -3.24857384e-03 7.76986026e-03)
284             	(-1.27979244e-05 -4.84180220e-01 1.18881140e+00)	(1.86319828e-06 -4.80920925e-01 1.18105489e+00)	(-1.46611227e-05 -3.25929471e-03 7.75651299e-03)
285             	(-1.27848603e-05 -4.86570111e-01 1.18840363e+00)	(1.88076284e-06 -4.83299841e-01 1.18065998e+00)	(-1.46656231e-05 -3.27027004e-03 7.74365559e-03)
286             	(-1.27824835e-05 -4.88993031e-01 1.18819392e+00)	(1.89723563e-06 -4.85711573e-01 1.18046258e+00)	(-1.46797191e-05 -3.28145784e-03 7.73134767e-03)
287             	(-1.27860461e-05 -4.91451003e-01 1.18818848e+00)	(1.91402047e-06 -4.88158119e-01 1.18046874e+00)	(-1.47000665e-05 -3.29288335e-03 7.71973800e-03)
288             	(-1.27966157e-05 -4.93947912e-01 1.18839484e+00)	(1.92976141e-06 -4.90643397e-01 1.18068596e+00)	(-1.47263771e-05 -3.30451495e-03 7.70887237e-03)
289             	(-1.28105158e-05 -4.96489012e-01 1.18881301e+00)	(1.94609133e-06 -4.93172607e-01 1.18111412e+00)	(-1.47566072e-05 -3.31640483e-03 7.69888502e-03)
