Iteration	Y	var_1	var_2	var_3	var_4	var_5	var_6	var_7
1.0	9.3405052	178.1892405416375	273.66296457670484	11.85547754445283	53.29230445921238	49.371075294032174	25.015975932625466	35.523649562907195
2.0	2.0	88.40170525869476	499.13353787577023	77.72665209105108	49.38948214717639	90.67803950921196	22.212562759084687	93.11362756812886
3.0	2.0	92.01739334837012	427.68085482128237	55.08445663510201	37.67685332547867	3.2150645985321025	90.60954572031588	66.09211308670716
4.0	2.0	80.00995911443763	402.1027409034587	80.73683554279869	93.85125598490396	26.863525085685737	50.71236349989137	97.04546037947478
5.0	2.0	80.32704280465333	102.11721833961104	66.89517001681754	9.416148132020174	38.15388057701221	81.38660963391632	76.7451871251441
6.0	2.0	172.7901090747227	414.73954102338274	47.9808936612557	64.37885310307846	62.75725175019501	94.38850308812845	25.04675140887585
7.0	2.0	78.8626069657129	406.76950104698744	43.41914829227432	19.663133506742682	33.31119652452262	85.60031195215296	20.42643430128001
8.0	2.0	62.40588451320276	311.71071986703123	70.14736778473495	90.02087722992167	9.772652482239796	55.10599912110285	56.20292888222191
9.0	2.0	90.44654830720881	597.7677901649579	34.62701983543893	50.06714605870815	59.40301053132525	73.11129115476888	-4.82116816337917
10.0	2.0	79.3459820294666	416.9202052801693	43.674822030441206	23.01725609705757	36.551666862623165	88.04995940581367	20.531004786428383
