Iteration	Y	var_1	var_2	var_3	var_4	var_5
1.0	108.74487	11.708451625889293	19.892138806136693	37.56744841946981	41.49258136332335	20.720559287396444
2.0	108.25393	41.85487150880917	20.89735984474541	26.56800943901072	5.45090918193632	25.405859436096645
3.0	109.21313	5.6196480763121945	49.95531381508812	32.89066368613615	21.71589420922149	31.8338986487957
4.0	121.23592	48.65200411341874	27.0816214486466	10.503735950431953	35.572762902915315	0.4064764700324852
5.0	109.90153	14.58260480434332	3.540300378703426	27.696179165553414	48.61428854812333	8.571370455528582
6.0	108.55622	41.74951172816759	18.22924916641138	25.94117147784132	5.108369375459409	25.36808108273478
7.0	108.25638	32.36629540270805	29.88739425832182	39.80103249547653	0.104637762697023	36.67832869512201
8.0	112.57687	50.0	34.45642971884039	23.50024695928234	0.0	44.30624626681436
9.0	108.81833	27.160268519154616	25.00774917378774	40.03066100663114	5.336805617292519	20.65412084094741
10.0	107.23553	15.312097742298649	18.75758278264742	43.40532478234586	24.078154111553417	44.73147307887832
11.0	110.17188	0.0	3.5934890991598416	47.90354118791696	41.00003422383684	44.745950383761205
12.0	112.17609	33.62992957505594	21.729176011464144	50.0	24.10297459826988	40.23590918994715
13.0	104.65363	6.777542687960652	20.869723302729053	33.727967628978966	15.437562502701525	42.50133829306012
14.0	101.72664	1.759299282476212	12.58053566511258	26.761628411463	0.0	46.5017182900689
15.0	98.264771	0.0	0.0	3.379144704871433	0.0	41.46918800689457
16.0	100.0	0.0	0.0	0.0	0.0	21.37952832200746
17.0	99.960596	0.0	0.0	0.0	0.0	50.0
18.0	97.45765	0.0	0.0	9.15890089114422	0.0	35.27621683328855
19.0	98.460078	0.0	0.0	14.63060787707042	0.0	33.38876908192845
20.0	98.11897	9.768824662044992	0.0	9.911987860195262	0.0	36.37914418460221
21.0	98.259045	3.631615520800518	0.0	10.084181356942638	0.0	35.66652511815547
22.0	97.531348	2.368517685696505	0.0	9.589003032148698	0.0	35.74313709042447
23.0	97.41156	1.5491752318209988	0.0	8.972654523182472	0.0	35.86675646053425
24.0	97.823424	0.0	0.0	8.145451496917353	0.0	35.90373590817711
25.0	99.028371	0.0	0.0	6.245174415444702	11.554301324053704	36.26332491091058
26.0	97.296414	0.5231718569905048	0.0	8.227431548793797	0.0	35.979543190731974
27.0	98.725948	0.0	7.013409925213646	6.094010084154744	0.0	35.17790320991493
28.0	106.11935	0.0	0.0	0.0	50.0	50.0
29.0	97.440974	0.0	0.0	8.446808136706158	0.0	36.06893121105673
30.0	97.802635	0.0	0.0	8.151430109415905	0.0	36.23013940638986
31.0	97.340555	0.0	0.0	8.064105735154632	0.0	36.22433257906541
32.0	97.227595	0.0	0.0	7.829398390150703	0.0	36.29146195216674
33.0	101.37494	15.223171741578849	0.0	16.52494165708909	0.0	48.78008184819864
34.0	111.289	0.0	50.0	0.0	50.0	50.0
35.0	97.446992	0.0	0.0	6.846752825462156	0.0	35.69349724459967
36.0	109.08032	1.266818347074833	33.43431047189955	5.763930542211632	0.8036257011973771	1.934726145459481
37.0	97.382138	0.0	0.0	6.706594477789009	0.0	35.67583750875347
38.0	97.348701	0.0	0.0	6.384116125876925	0.0	35.58814573472064
39.0	97.050596	0.0	0.0	5.999531195205207	0.0	35.44208768527263
40.0	110.35327	36.090275161639056	0.7082165538230781	0.1008373437482138	40.51646855867092	49.65212423057989
41.0	119.70993	0.3912761513493948	42.61326527428261	49.98247398566735	33.58586278683496	2.8833127095575373
42.0	96.925044	0.0	0.0	5.633885260345873	0.0	35.4334566821118
43.0	106.67604	0.0	50.0	0.0	0.0	50.0
44.0	101.21715	34.380049966660216	2.365174470923427	2.711547813984452	0.7856799421932943	33.44200651975433
45.0	98.617328	15.560687934788293	9.991891229272232	2.134292438973961	10.136124825054882	32.562842615710856
46.0	96.930248	8.249739049698377	0.0	0.0	0.0	34.24662868481693
47.0	96.555672	8.661908229728457	0.0	0.0	0.0	34.21658205357547
48.0	96.257518	10.16968317806263	0.0	0.0	0.0	34.08981752233903
49.0	96.867618	12.6026279974975	0.0	0.0	0.0	33.733538293528994
50.0	96.421087	9.636185304232042	0.0	0.0	0.0	34.27895986741324
51.0	96.641655	9.673057472559911	0.0	0.0	0.0	34.36844249359162
52.0	96.419394	9.66638661877358	0.0	0.0	0.0	34.34550862004373
53.0	96.373947	9.704690713262256	0.0	0.0	0.0	34.44636805097158
54.0	96.390717	9.76965508219641	0.0	0.0	0.0	34.60263557493096
55.0	96.491383	9.890645071008144	0.0	0.0	0.0	34.82229625251039
56.0	96.52769	9.971975931839753	0.0	0.0	0.0	34.938943439181486
57.0	96.585824	9.985207857144962	0.0	0.0	0.0	34.956961755222885
58.0	96.441889	9.869744159677875	0.0	0.0	0.0	34.8158835693026
59.0	96.576738	10.008400554248306	0.0	0.0	0.0	35.00519091877947
60.0	96.575067	9.887220306231072	0.0	0.0	0.0	34.87001408204631
61.0	96.470638	9.835842405266618	0.0	0.0	0.0	34.80002484777144
62.0	97.865494	18.22073380096141	10.103144909274288	0.0	0.0	37.47528393974718
63.0	111.11061	29.751615054932994	50.0	0.0	0.0	21.55156336358816
64.0	106.02005	0.0	0.0	0.0	50.0	13.971239113269789
65.0	108.4105	0.1317600549927633	42.34686261842397	0.3093117611630447	49.23267626189696	14.436966029889811
66.0	104.37291	1.6114763139021504	8.155921396207066	47.3752442787829	2.9623574760937377	34.98382945837641
67.0	100.99683	14.612064817428047	23.21259034631049	0.7060649602480373	19.678109980201704	31.51557125437765
68.0	112.40957	0.534578759464277	47.49849422960746	49.5864781793675	26.809919683175664	49.53692175750186
69.0	98.772956	18.28148306716689	0.2911377313005836	3.566233808728614	9.68853208782068	31.421163958464792
70.0	110.11253	0.4701106380209152	1.6996686793183111	38.09804016305233	2.7303521122110377	0.5916075746356719
71.0	96.468473	9.979923908950182	0.0	0.0	0.0	35.27717982734853
72.0	119.7042	46.89013155879309	48.265566473885215	36.73765383989775	49.095587265554464	44.51457917586762
73.0	104.70579	30.812044474998224	8.438580152332309	2.648992241553344	8.043436442217612	49.77272881505204
74.0	108.84177	30.32246403128084	2.8603715619957337	1.4487868982812568	1.93804916348157	1.0236522285227423
75.0	100.86294	11.478317391902376	28.558133287076835	10.599920075872538	1.167380953364544	32.18474713810611
76.0	97.723995	6.47150924240284	1.104446922187946	6.164081018074086	0.271593725864061	39.64810120807032
77.0	101.04909	11.45642340821153	0.3317064292421345	8.167597046398594	27.78644839615246	26.62764142855042
78.0	111.39243	46.97420697037543	1.140982708685151	45.533099954211146	1.203155612161788	48.85415516712654
79.0	107.21279	2.3829946378085887	18.497781496262533	8.869716401753337	49.26398739743835	35.735292188334526
80.0	97.67712	2.028330607057999	1.5315822291787573	1.4601313070251642	4.264965353464778	39.17723848888865
81.0	103.92467	1.062314857021146	18.90136965511271	10.009352073893057	22.78088543776876	12.195037917873991
82.0	109.90856	3.6582149256193466	42.7306859625616	49.01431266866238	0.7003213849631817	49.64310956204241
83.0	97.496963	5.275362860762867	9.406474898219342	0.7196330739984325	2.990145986039794	36.00762552392189
84.0	100.0	2.590145779347436	10.519282831568788	1.0275846113703524	1.5897570445730425	27.86661883854162
85.0	121.92977	47.50947997217818	47.25492198311932	44.74017639558503	0.7947213537610631	2.5697001957916967
86.0	100.0	17.006212519482933	8.689144385982479	5.179292768171917	0.3663419886956454	28.835833690440875
87.0	102.69945	14.755044343983451	28.23923210292379	2.360805409122801	7.667530703661263	48.69180942176186
88.0	117.31866	49.20906446957381	7.94010437715274	49.80126152464161	46.32375345536172	31.095256535330705
89.0	104.27722	4.523764142072251	0.937242505025554	35.869166975292174	16.467231207636413	25.5509818596998
90.0	98.058705	20.41552104683574	1.88486911002822	0.4637334061686038	1.8834313486910723	33.574240895296455
91.0	101.42348	2.2290276269147147	10.536963232445862	1.471460066555974	26.41818852766248	36.0982931629153
92.0	98.66445	13.796708662402562	10.580797707644496	0.4331890853517317	3.127881379179132	41.92185322160788
93.0	123.80907	46.422681864817775	3.0224941211974943	47.60077013656503	15.413956020900066	3.303276258603355
94.0	101.08352	6.774030947119264	0.0104511823338759	31.87936923633262	0.5727555899894099	42.21785131180689
95.0	106.49886	4.041203769561391	0.6969847739948742	6.91921297842511	26.209284747638872	3.464161523422016
96.0	115.79222	43.74480621395704	49.656535197253966	2.555814162378373	38.516254559700016	46.33980171771289
97.0	112.64727	49.73309384246507	0.7072647369666285	0.3863197312895861	45.47085308773701	22.812970859197996
98.0	100.0	9.893446829326031	0.1969920154593241	2.217584745343731	2.593761564713748	24.15694364618062
99.0	97.458232	11.421355123358701	0.8065361812488236	2.249653511433658	7.231859172856692	35.89400102025966
100.0	101.4122	17.697148290965785	2.4064308651161714	1.1438316688940242	20.84091334530601	38.497769218857506
101.0	105.60553	2.233862723501928	49.79266776482121	6.61107057439439	24.578374197739095	34.71384211386866
102.0	98.254973	4.196900634307493	0.27580418756799063	8.841079462247981	2.618884679301736	34.7875454974449
103.0	101.32904	0.4772569771637425	29.49157110541681	0.4864710151333884	4.097145913938855	43.92500363172639
104.0	114.03061	10.40235161540181	49.640576336943774	2.7093931105482416	27.37235991302695	2.5221585479769604
105.0	96.978049	5.578038494488985	3.209602508355025	5.263827743673355	5.439986283947268	33.0827339390386
