Iteration	Y	a	c	n	t
1.0	19.098366	64.91141778494125	56.72875509888069	18.63693024188721	25.48330408539878
2.0	6.2287106	438.5835904879441	388.32309676090273	31.961097283371185	8.453312698667613
3.0	7.245692	149.02607889264212	464.1123083650132	31.822398320369043	27.101617947306213
4.0	7.2812273	87.7681400491679	563.2836978883925	19.363042925880062	19.963331653880903
5.0	7.0468491	196.60441512153443	367.876993690628	14.549033720283177	34.72804178768605
6.0	7.4448776	171.48556554354633	295.9467611336638	23.261729757614248	32.7320652286929
7.0	7.0412416	140.51479614520397	462.7790067370873	30.2041766167709	19.41737525483063
8.0	7.0396326	140.94325711445072	461.25554176428193	28.51204278106128	19.633838493293432
9.0	7.4332358	573.0	199.8423641576809	50.0	1.0
10.0	5.4715733	573.0	573.0	50.0	1.0
11.0	5.3824452	573.0	436.19103430395137	10.0	1.0
12.0	8.274421	573.0	455.0980283040763	50.0	50.0
13.0	4.9187957	573.0	573.0	10.0	1.0
14.0	5.2713875	422.43940181347904	573.0	10.0	1.0
15.0	6.7674265	352.7561632579943	261.26615415927137	10.0	1.0
16.0	5.0540272	518.0097947222265	573.0	10.0	1.0
17.0	29.450155	10.0	410.666545616159	50.0	1.0
18.0	5.8663813	202.5941952880126	573.0	10.0	1.0
19.0	15.920521	573.0	10.0	10.0	50.0
20.0	5.8729949	573.0	318.588064732727	10.0	1.0
21.0	5.9653122	311.15390587529345	441.3417964826961	10.0	1.0
22.0	7.2886943	255.15018942249884	300.0737991100715	50.0	1.0
23.0	6.2667592	160.97668497305156	510.1675375766163	10.0	1.0
24.0	5.4686979	453.61467080401445	486.4086471254432	10.0	1.0
25.0	5.9608279	321.79205513056627	573.0	50.0	1.0
26.0	9.7805045	310.7997490076708	119.2216966899078	10.0	50.0
27.0	6.870953	476.02757576997885	258.815677197744	10.0	50.0
28.0	6.9591423	150.4368064428113	573.0	50.0	1.0
29.0	8.8928985	343.88095076710164	573.0	10.0	50.0
30.0	6.8454636	486.5624586510721	284.01658315522167	50.0	1.0
31.0	7.4366826	249.1144412431859	256.1778519154383	10.0	50.0
32.0	5.1191196	573.0	517.1164225305428	10.0	1.0
33.0	5.6704214	448.47040182079786	573.0	50.0	1.0
34.0	5.7811998	498.63028874996616	379.8537628863069	10.0	1.0
35.0	7.4232049	470.8796869041476	189.0037808218722	10.0	1.0
36.0	6.8381234	211.86583142463283	315.8763442643788	10.0	1.0
37.0	6.1179283	371.12571875748455	481.9959835949018	50.0	1.0
38.0	6.114148	379.560330008426	373.3648355245247	10.0	1.0
39.0	5.900594	521.6222542169238	464.5768256102775	50.0	1.0
40.0	17.285495	296.77200383250187	10.0	50.0	1.0
41.0	6.69339	573.0	232.0723756420054	10.0	50.0
42.0	7.053879	204.2569802402789	421.9899614894883	50.0	1.0
43.0	7.6053689	397.74750926032624	197.4327546951293	50.0	50.0
44.0	6.2124375	573.0	372.0777178871901	50.0	1.0
45.0	5.4812614	328.19832853967824	573.0	10.0	1.0
46.0	8.9196057	573.0	573.0	10.0	50.0
47.0	8.6462563	208.1013747338783	176.45096162028227	39.56692407720527	5.075920090967961
48.0	5.5433002	372.48471026420566	517.690265175111	10.0	1.0
49.0	5.1747946	522.3171076734367	527.1516410078713	10.0	1.0
50.0	5.0026384	554.436598480745	564.9695762655665	10.0	1.0
51.0	5.7325388	404.287757849808	440.5509050824857	10.0	1.0
52.0	7.2590375	570.5913991676788	338.97861686425824	26.282407190096304	49.85618645965683
53.0	7.9564154	500.42101348107457	147.19696048157945	45.39168048504199	49.42043118271437
54.0	9.3263905	115.29417321045872	551.0992088946897	12.276049971302257	48.39110407625419
55.0	7.0559347	363.1241413145105	396.5595474137731	10.732575673993235	45.783195774534406
56.0	6.1570816	269.27261104430806	498.6314825999232	23.283408459796817	4.047946547964954
57.0	7.4263475	352.89027407266553	301.5309312202712	43.37286761863715	47.282026500117134
58.0	6.5926404	111.583285319472	573.0	10.0	1.0
59.0	5.66102	266.3196257267137	573.0	10.0	1.0
60.0	5.3844428	525.2659135466695	464.4115248313408	10.0	1.0
61.0	8.2031306	204.95883205457795	204.6670275104084	49.130545525785166	47.47323596168802
62.0	5.5082241	517.8775280348057	554.9711449714677	33.332142063137326	2.9917022236309214
63.0	8.3991608	570.1552579774356	139.84898007052675	11.301733075416628	22.552350194139823
64.0	5.3297636	464.24439006235184	552.3735919560144	13.63895458301248	3.604329639489471
65.0	8.9185324	332.6599750869522	152.85445088513103	48.60723741123814	10.99904162771778
66.0	6.2723084	424.85331567306287	307.1917171445993	11.552544917244964	10.90104842438403
67.0	10.629669	27.15247792369989	566.183584417745	28.249384977299663	1.3253888775743894
68.0	6.2984941	557.0108064452941	263.0441488483712	12.544836499385443	2.8221898917114814
69.0	8.5993183	173.4548258085673	143.7458775611672	12.66415668050628	46.78455229638512
70.0	6.8944789	457.6151651519424	422.6931814351248	11.021038045998402	44.42218372789016
71.0	17.594923	148.7496450020373	12.702818090826351	15.752079273381078	49.76182087046831
72.0	5.6048334	557.8615433580524	532.2101048654349	45.15827744559948	1.0901031513481692
73.0	5.7186328	404.7501710144706	550.823880950229	34.88928567559785	1.3060502942347785
74.0	17.396341	449.5156753512381	47.87216742867311	13.737765256492535	4.043342011730683
75.0	7.3130255	523.0129289718082	219.3765231225481	48.58174353164387	49.26162039231934
76.0	6.4733757	276.5262879066411	365.28428321244576	16.586658524647177	6.472512314085695
77.0	6.5707463	334.79152896718205	401.6581346372667	49.3834017246603	8.849425491495309
78.0	6.2683819	207.0144203557888	455.800225350855	10.841167938965768	2.367854216939565
79.0	5.5109192	565.6026780180624	459.6329404523313	17.47894640242827	1.0962665097486006
80.0	5.816451	558.7272601435	382.6251018015187	17.037733934419652	11.228953706850737
81.0	6.416869	228.70157870309285	543.2008709769613	47.55663015222391	4.250620888129718
82.0	6.4671302	421.45896739212594	462.1051929010615	49.9343716747857	27.238466945107533
83.0	6.9444887	396.9104563593446	275.90314039473265	41.32129404448088	3.226367540166392
84.0	5.2662823	464.50656090852686	570.2000030478908	13.342829185127258	1.649740039405108
85.0	7.3996828	450.22030186578735	332.4535052246212	46.842147086760704	48.68530911040581
86.0	7.8150191	133.29107928827693	245.3442028185236	11.266651952235126	3.7348831368319897
87.0	7.3700334	199.12050939078543	234.34950995855	10.9453930376533	15.96269091038062
88.0	7.8603689	127.1342198906214	253.3318835704946	13.03470806082084	46.2659281617014
89.0	9.6637638	96.80700058140684	159.260818498847	46.809040881231226	42.21539620547029
90.0	5.7505179	334.66229106051264	502.5176554597021	12.52676924596627	1.4507233060691167
91.0	7.3350354	450.5019385405245	162.92996164032292	11.052632865858412	48.54394734799543
92.0	8.1283205	277.85790666382934	391.3140033693507	40.90020101254139	49.99863366285204
93.0	6.0225545	526.3243846216981	331.087372575736	13.942050963859195	21.36689158308117
94.0	7.5233125	475.9981795979638	546.6580474601517	49.34955925377024	42.96916283821077
95.0	5.8598509	462.911686364908	483.55886971609135	38.70735475684764	1.3855977233637016
96.0	7.096024	358.0661168382326	206.61655035128464	10.553227652942088	44.49766196236624
97.0	6.6931338	570.8980929518929	276.555706216999	48.92302648878076	33.36445699120654
98.0	5.6204979	418.784816128857	521.9174701893528	10.78847361383676	14.61343396924145
99.0	7.9359316	570.2007113239587	155.3803927604503	46.70867327112062	48.310479097979375
100.0	10.857011	78.70765813646817	570.4632709402272	44.550797915855696	48.72031645458687

