Iteration	Y	a	c	n	t
1.0	7.7444027	175.89639651284276	379.5157727598066	47.8273274727363	32.96851215781709
2.0	6.493623	308.72034340578057	368.92426447256696	12.401787212615414	28.03581706310889
3.0	8.1784233	117.8262030514396	334.0644291829581	44.56168414184844	30.2781494087135
4.0	20.468044	48.22790166169704	31.992421814331827	45.09162104592121	24.6929025911901
5.0	6.8743794	453.0728139799512	211.44905932423805	12.047746624818148	14.866419881992568
6.0	6.539806	313.42492928820286	357.77207961194875	18.64832986035875	24.49588425158403
7.0	6.8047631	304.9509581236094	357.54165192394714	31.8170018372016	24.29596797994134
8.0	6.4692463	319.88687978883485	353.4307036043312	13.541306753562576	26.77441452182817
9.0	5.4517039	573.0	424.0933117585393	10.0	1.0
10.0	40.358946	10.0	573.0	10.0	1.0
11.0	6.6705886	304.9604602527996	364.0060090842224	26.07387148278946	27.183128939452185
12.0	6.4678258	321.43270191560407	352.9579960036844	13.691052174759417	26.62993346692636
13.0	15.909523	573.0	10.0	10.0	1.0
14.0	6.8463069	573.0	299.2032700509721	10.0	50.0
15.0	9.2396167	573.0	573.0	50.0	50.0
16.0	5.8904565	490.60817291298713	350.25016125469966	10.0	1.0
17.0	6.1517016	573.0	382.343719980693	50.0	1.0
18.0	7.7043716	187.32129979985152	288.0571045491346	10.0	50.0
19.0	7.4129392	573.0	427.0695376934791	10.0	50.0
20.0	6.0752701	573.0	281.46092025582885	10.0	1.0
21.0	5.4111586	482.0931364132247	484.6440741928972	10.0	1.0
22.0	5.13366	573.0	508.4419348967941	10.0	1.0
23.0	5.7665224	547.1406796896973	490.924285878029	50.0	1.0
24.0	5.0397492	525.2913412439846	573.0	10.0	1.0
25.0	5.711644	428.44544171750846	573.0	50.0	1.0
26.0	5.1818641	473.0678203335683	568.5373574721615	10.0	1.0
27.0	4.9226067	573.0	573.0	10.0	1.0
28.0	6.0925761	391.3775901109187	476.4467213081896	50.0	1.0
29.0	18.038475	332.70225907330206	43.7849997521749	16.72377096548321	42.82084199166453
30.0	7.1275544	558.2199435186592	210.4521923594177	49.91756537025452	43.664997806575286
31.0	5.57741	373.9388815164143	571.3134761156971	20.38430335558488	3.546301961166197
32.0	8.5130876	347.6262892097096	566.3325493304891	18.002146396013387	48.34902279351362
33.0	12.811171	24.066625431808887	226.14636521693808	24.35847867845135	44.518022861119725
34.0	5.7867887	365.7476669253954	474.18614801662	14.834749263393864	1.1598842349726646
35.0	7.1031919	469.01255510165777	249.0271084457732	19.624039189499584	49.916188083615936
36.0	8.6028641	167.783539081767	208.7460481566144	46.64131990629174	2.5270732378238767
37.0	7.3812271	174.93749599770246	315.32024054611776	31.17505746329325	2.0081833772493103
38.0	6.1458991	322.6651102179261	557.5829517702864	48.29984910910288	6.559635124734694
39.0	8.2230141	562.9600413172717	146.49840564550178	13.272080040241594	26.59053432860016
40.0	6.3407422	288.0384682382319	474.86361297919416	39.54660156185052	2.416227909538292
41.0	6.8592726	391.76539967905904	241.31368011133088	12.992185816652675	1.3830852059924714
42.0	5.8733765	427.5563371379085	410.7509258707926	11.737487615572103	11.656790843917566
43.0	8.5228422	571.4908679998574	163.6778841319636	42.85232414401316	1.2523429366285197
44.0	5.8404164	499.40914200311096	409.8231028726262	18.761743187102805	1.0163573613241492
45.0	5.5604651	571.5689521279409	552.9469748751729	45.00485298791031	5.295719495712519
46.0	5.2490158	538.124799336192	558.5460459723912	16.96914580354727	1.122059916368486
47.0	6.6664213	460.4726403282023	293.98433112529943	39.10271478872619	2.629686303115124
48.0	8.5406632	159.33492108307058	253.1620391744088	49.78798758501892	48.67043074523949
49.0	8.0998344	101.03346752513868	258.69311053927595	11.889402724867928	3.0790351456698883
50.0	5.6094818	350.37057514321555	532.5488518996983	13.146348000301508	1.088671565651603
51.0	7.3685217	408.7713365441956	387.2506895351255	47.814162610539306	44.81563326625072
52.0	5.4950238	425.60656786820806	501.9937310599194	10.32119270347641	1.5887784444208428
53.0	5.9625451	272.5708190271363	550.3435218793888	28.64658560408133	1.0373885661958884
54.0	8.5051039	191.4239835667445	493.444564135981	13.232963178717858	49.131858383207295
55.0	6.1422647	384.2742725267457	350.6639152294958	10.743480361482192	3.820120070852094
56.0	13.717882	547.1148471952397	77.2992430386707	49.49244972587363	49.57080443802962
57.0	6.3263063	503.8945039658303	275.7942906326115	11.663859837918636	7.494204814900397
58.0	6.0667166	218.30746725605871	498.5130973142856	12.530492018544308	1.4848980634651503
59.0	6.5138105	207.4917696901229	405.3965993287084	14.992946530841149	2.8061377236200062
60.0	7.2180381	275.9789859958681	217.0352143802006	12.746122793669027	26.88367469111557
61.0	6.8669007	214.0774638969375	475.2082350543433	47.99875282459275	5.156453749296574
62.0	8.4012078	156.89955445414563	155.66275820939634	15.318301482038086	43.00714374236004
63.0	9.8023848	197.1577251119223	145.30422688630642	10.698101698708648	4.369708375883741
64.0	7.7660906	360.0886877060833	179.6266633136845	42.02681269195988	48.05741209559115
65.0	7.0257036	325.6859931228321	254.0685573831062	11.859507557684918	45.42402257294247
66.0	7.0886971	117.300398435335	419.2089688644527	26.26825522527101	6.942804023846219
67.0	6.8740084	146.31213947387943	379.85594461915554	10.841545064196204	3.135793488848807
68.0	5.6743468	291.08624353285126	562.0215046642572	11.07148378146222	4.114047833054515
69.0	32.164609	11.670932776302571	353.9254007638804	25.68658503477713	1.669125610823937
70.0	8.8212333	96.0207187338177	196.69307681129413	10.0	50.0
71.0	6.4955966	161.85964775203416	453.18965764610977	10.0	1.0
72.0	5.5555187	519.8638940056564	573.0	50.0	1.0
73.0	7.5081113	145.303985644074	421.4844443376351	50.0	1.0
74.0	8.6320209	131.79040816061203	414.1504957393297	10.0	50.0
75.0	5.7987261	220.5095369911973	573.0	10.0	1.0
76.0	5.7010593	573.0	356.595889008928	10.0	1.0
77.0	7.4899416	203.90167655921192	573.0	50.0	32.7817313201176
78.0	6.4835907	534.2311628866275	313.5095237882847	47.506342171036025	3.990983886295029
79.0	6.1767239	446.9682943789023	421.80436821868255	50.0	1.0
80.0	5.8008126	468.1431512489356	520.0883635267056	50.0	1.0
81.0	10.171316	68.1090241759008	178.38379243919744	41.36287951854548	3.507319573937868
82.0	6.666426	429.9438960978367	320.8171685180332	10.133441169202165	44.36018930082621
83.0	6.7328449	158.7589058933124	536.0798220443122	40.52300281784671	1.1100354343734158
84.0	5.2619542	423.6854175041972	573.0	10.0	1.0
85.0	6.4837566	572.5246437414025	221.0361930291249	12.065637808071884	21.378919846955853
86.0	7.5101234	395.2068978188861	164.37265133803098	13.117338288729927	45.63595909563074
87.0	40.09422	13.304598492826926	115.70312035907362	11.662843447740832	48.434426017218506
88.0	18.099091	154.5582185624912	10.0	50.0	1.0
89.0	9.361418	78.27147541716715	232.4552890600578	50.0	50.0
90.0	10.054709	440.3706403512688	142.57746836329247	50.0	1.0
91.0	7.7112256	454.6617319606143	464.303431324294	10.0	50.0
92.0	7.6665685	220.3422074936003	192.78409909388049	10.0	50.0
93.0	8.1428348	343.13783731593134	173.6123485449051	10.0	1.0
94.0	7.6361961	514.400213437783	356.7084725884132	50.0	50.0
95.0	6.4096311	219.3456086882528	573.0	50.0	1.0
96.0	6.4150614	346.94083915847415	418.8580991583536	50.0	1.0
97.0	7.2259287	523.3755342463227	199.37646056309976	10.0	1.0
98.0	6.0803414	282.9894012967655	428.6652150809032	10.0	1.0
99.0	6.735327	264.8082463479436	295.9509875521923	10.0	1.0
100.0	5.3133666	541.5752604732048	473.2939771610176	10.0	1.0

