Iteration	Y	var_1	var_2	var_3	var_4
1.0	6.5305611	447.8464571530608	265.2919262959467	11.401460964057492	34.31254962732675
2.0	7.2081856	143.73570687965562	352.8909065345995	21.937978835567176	13.557717517004876
3.0	5.748127	474.06881388835046	446.6214277225287	12.34049967528299	18.031479542472105
4.0	6.2056669	553.7167984982088	371.228313099356	44.28243770348796	1.4612257339675012
5.0	5.9097618	557.574427128455	416.4962632180413	24.9141611149923	18.55835535254352
6.0	33.28138	10.006774899620106	311.07599424543105	33.03500910222022	21.996887044835763
7.0	13.310904	147.94889575853958	101.907848464778	33.322452976471695	14.153264922066288
8.0	7.2735816	140.60154836567438	357.3712250781893	26.56223446829893	12.360903188460144
9.0	7.3498936	131.4694920606104	358.5304576227648	26.738382799084874	10.608736724030496
10.0	7.7567905	452.0246542931316	367.18206863476087	50.0	50.0
11.0	5.6014416	530.1762813715794	555.328344277815	50.0	1.0
12.0	5.3045986	404.8382117448093	573.0	10.0	1.0
13.0	5.802239	238.46868918525823	552.7889550086397	10.0	1.0
14.0	5.788214	334.2826558198997	475.8897642985982	10.0	1.0
15.0	8.1885112	573.0	161.5365330627697	10.0	1.0
16.0	6.6098917	443.9841769474036	254.8812831606898	16.963439429652915	30.071559752300388
17.0	6.6014319	137.80825662366698	477.3230472151653	10.0	1.0
18.0	18.524054	428.60121480641567	10.0	10.0	50.0
19.0	9.4703978	329.7032331175373	573.0	50.0	50.0
20.0	8.9229243	573.0	573.0	10.0	50.0
21.0	5.8947924	552.2739784159554	425.3196443419045	30.35952949773701	12.35485329569249
22.0	5.6084759	457.80084376603287	527.2439477982912	26.80154438327004	1.0
23.0	6.4726312	337.0780180193056	309.16185985971765	10.0	1.0
24.0	7.2662551	573.0	260.79157933572594	50.0	50.0
25.0	7.8411485	70.10088260563533	573.0	10.0	1.0
26.0	7.3092656	142.9742943086753	347.9354088899443	26.41899872774772	13.238077435479685
27.0	6.446299	337.3661996045474	313.32070491226	10.373077964442858	12.18692747701336
28.0	7.333618	253.27779414014628	228.4452167957364	10.0	1.0
29.0	6.0167474	573.0	291.44382651986194	10.0	1.0
30.0	5.190778	573.0	490.7133311662172	10.0	1.0
31.0	5.8837359	409.9018576595453	406.6181865608184	10.0	1.0
32.0	6.8624841	159.9006293678673	573.0	50.0	1.0
33.0	5.0946595	498.1292020409561	573.0	10.0	1.0
34.0	5.2840627	516.583167904526	502.8765779320604	10.0	1.0
35.0	7.6729938	336.8799983484116	220.5424170015773	50.0	50.0
36.0	5.4779841	573.0	415.1558897605441	10.0	1.0
37.0	6.0642944	164.54727396234958	573.0	10.0	1.0
38.0	17.58225	237.3746530244345	10.0	50.0	1.0
39.0	5.6938301	506.2909979169931	391.22185101668873	10.0	1.0
40.0	5.5227694	316.33140278076456	573.0	10.0	1.0
41.0	5.9801343	559.4746731095306	418.9593068014017	23.11682747134438	25.076253856877912
42.0	6.9698162	176.04398172884476	328.4482885804709	10.0	1.0
43.0	5.506102	399.0824389147982	508.52852069806266	10.0	1.0
44.0	17.014012	573.0	10.0	50.0	1.0
45.0	4.9226067	573.0	573.0	10.0	1.0
46.0	6.0982056	168.73607009042743	568.382398498578	11.987032064430837	2.561739584224384
47.0	9.7882956	131.36036118340178	573.0	10.0	50.0
48.0	5.8403679	369.4536073537642	573.0	50.0	1.0
49.0	7.7038251	236.80657024264764	171.72004716331813	10.0	50.0
50.0	5.0259611	564.6588622340543	548.1384476850734	10.0	1.0
51.0	5.7211187	466.00455570194686	445.5233657088767	12.724040335268043	13.808369566914298
52.0	7.6196081	373.184556849696	189.3250729076011	10.0	1.0
53.0	7.1429848	534.4350693212226	231.7947230777337	50.0	1.0
54.0	6.2143127	294.7850550072367	516.2454757575988	50.0	1.0
55.0	5.4715733	573.0	573.0	50.0	1.0
56.0	6.7604877	573.0	329.8521367062935	10.0	50.0
57.0	6.5366241	422.0185056138218	310.14925825174583	28.29449696810796	3.785855168615351
58.0	9.4265467	260.52643521096763	154.10572202925331	49.77116092847668	4.408732011871328
59.0	6.004869	400.8305604928775	483.3446077335908	43.653316285125726	1.0611645853550118
60.0	7.3721048	344.526952873219	399.91653607482	12.496995122654848	47.1905402544597
61.0	7.6385332	461.33628755279966	172.1684128688313	43.87910725760265	49.9863108462626
62.0	8.6631934	571.532394214609	124.21905305735638	35.15668840962641	49.822665885054974
63.0	6.8781285	551.3016264470498	223.99698059223104	20.017671491256884	46.24667896730504
64.0	6.0697519	262.35239254722006	572.0465569947671	39.48247258943681	1.94035672656315
65.0	6.6673837	330.5047032673245	359.794847484608	46.710381890860894	1.9283414799315088
66.0	6.5244412	449.1284227242841	264.11169271857204	11.221552499671624	34.55382585886003
67.0	5.527566	484.4307001815108	570.3235454256924	36.11668900588039	1.7448492511662153
68.0	5.0915427	524.695012612276	551.5856023522432	10.0	1.0
69.0	5.973382	513.0838599558241	324.67722909656754	11.041045137620811	8.55497554401947
70.0	7.8444886	249.6501347749156	264.15458389484314	47.97898449619869	48.59626282269332
71.0	6.7566177	217.4252336643154	469.2164740628587	49.38409669846977	4.6208438220701495
72.0	5.782398	568.994749315818	491.0679250412063	47.989829221132766	6.385235116194111
73.0	6.1440159	311.2750173050528	402.7517318870892	12.037360602756827	2.124680315783208
74.0	20.824002	48.880588020622135	15.619535620537649	13.379006965254291	46.22335749530106
75.0	7.6256296	182.3383425844121	219.66541474826488	11.407787255892368	18.305015464768303
76.0	6.742969	509.3828759762667	229.4356014088092	11.581676378130158	4.472542252302256
77.0	7.2075896	393.2145687534901	187.9921910934876	10.039021300356657	47.33864301110268
78.0	5.4309264	541.6815094875602	564.7871249789719	33.799621561900395	1.6830445176623514
79.0	6.064724	490.20746732223137	442.7631096044671	49.8806607577864	5.587721682970681
80.0	6.0595288	273.03365667030187	461.6323103361448	12.498941341366317	5.697079905002791
81.0	5.7700035	351.731255036163	531.5840136598927	23.37621727886436	2.0904185934823114
82.0	6.4256843	317.4343325774089	433.03766674257486	47.90420782055544	4.341305400547896
83.0	5.7827402	442.5455472440922	562.9220423703935	13.886514556221869	22.858854659997213
84.0	6.6308392	458.9563509996399	479.4031052133695	10.58937492588711	40.408573171502624
85.0	19.534155	182.1337745058136	11.233371234263863	11.473458360390032	48.74909059986268
86.0	7.5259256	209.11325736009223	266.882106012804	12.143935632762354	48.93234575761684
87.0	6.2239868	212.00209293783112	472.379152423766	13.231002909974451	3.788033241629793
88.0	7.0813127	353.1611246281898	258.1188177436566	14.842128979775158	46.48735275074173
89.0	6.069891	463.2245654279311	375.59819618659407	12.162327286309011	27.75509855076771
90.0	8.6003758	200.4137146348565	175.11276600841856	47.7378848657764	49.6305255147722
91.0	22.041345	13.050878911421592	560.2979770676964	48.48703325741448	20.18620765086797
92.0	6.4786747	120.42171999926065	544.8581434619485	14.37813440661532	1.1817496697456091
93.0	11.146444	455.1434429348283	107.90131299569128	47.43411135213219	3.416569612270344
94.0	8.4891135	235.47643632757843	515.9618786038064	14.392556839377615	48.729459089948215
95.0	5.3516401	553.5768616563274	498.0811379472607	10.547027205008025	14.394335396944486
96.0	5.3415223	466.7718268047449	571.6499751019326	18.691392184079422	1.4178572567668877
97.0	6.4957956	491.8833502119288	326.0429859526292	45.80243245954841	3.858510574893024
98.0	8.1160737	169.1259608520455	258.78676087115866	48.49230292271304	1.7751538625538967
99.0	9.3399381	327.6212707251396	124.0036988973895	49.66671678540545	44.10786423519927
100.0	5.972048	427.7111332442256	558.9242019821716	48.68672877283552	13.382688423787611

