Iteration	Y	var_1	var_2	var_3	var_4
1.0	7.612229	301.23870860562977	396.3430339886938	10.098595248035448	48.94291888472672
2.0	11.027749	543.1399459477403	104.09937134533168	45.36128729488419	42.409597284189246
3.0	7.2319548	440.9538445404586	230.94510861981223	45.39790153505894	4.188696513802481
4.0	7.0642593	168.98886015348444	357.9634715033316	22.01638757465924	15.442478771150911
5.0	8.0926086	134.4485395163104	241.916643405474	33.58327460858858	15.108787607395074
6.0	7.0983594	157.92700409584077	354.7582933786302	23.80677678520833	17.945366252932878
7.0	6.9025017	295.89657971395843	395.9001425934275	11.0207822777034	40.62629083618869
8.0	7.7884806	303.5136431302081	395.9165351356288	20.04229565045884	49.18257465635431
9.0	6.3169495	278.5573444244523	394.5325007519592	10.0	17.46970823283804
10.0	6.1180874	304.53335535276614	408.2940724588941	10.0	1.0
11.0	7.4097334	298.2028213901712	240.02632483127576	46.49392580720013	22.35433380109301
12.0	7.3705245	331.20761398296565	323.4742262308418	14.889755538444236	49.407710742493
13.0	6.8192933	324.71424340879315	365.2929775901223	48.26444490321462	20.006812145926045
14.0	6.8366793	446.0562537907464	556.1317911699803	47.327799264148894	35.152938881812055
15.0	13.960756	86.14504033392656	90.4794341498	23.86313963235521	19.477466454859265
16.0	7.2969143	438.1369230742195	221.6093370242421	46.196169320454295	12.00167601762092
17.0	7.0373059	297.0658225922416	395.999059109092	10.90633016611008	42.69047346372916
18.0	6.0153462	265.7949080300522	465.8065066974585	10.0	1.0
19.0	5.9161715	317.7931127021866	520.3838143653625	27.24447848946701	1.0
20.0	6.2964888	258.297529191726	536.1728101100995	50.0	1.0
21.0	5.5367238	310.5988455689088	573.0	10.0	1.0
22.0	9.1233994	294.3600352327938	573.0	10.0	50.0
23.0	5.4195749	362.0246338615638	573.0	11.415008456088666	1.0
24.0	7.1563434	160.20361848699258	481.56714979108216	50.0	1.0
25.0	5.9128378	340.3893193743195	573.0	50.0	1.0
26.0	4.919109	572.8939556393805	573.0	10.0	1.0
27.0	5.1120059	573.0	516.7551701801763	10.0	1.0
28.0	6.5339761	573.0	552.7021580605059	50.0	34.03608688701949
29.0	5.0967189	528.3941062223646	553.5507683741723	10.0	1.0
30.0	5.4234398	518.7992993939969	458.3057215880975	10.0	1.0
31.0	5.5063494	573.0	404.4334777356103	10.0	1.0
32.0	6.2600464	509.59343197068654	375.714236644559	50.0	1.0
33.0	7.5611958	573.0	449.90478636083503	10.0	50.0
34.0	40.358946	10.0	573.0	10.0	1.0
35.0	16.802434	364.6341394113888	10.0	10.0	1.0
36.0	6.2145908	573.0	263.3015806470401	10.0	1.0
37.0	5.6115942	479.6536143335621	573.0	50.0	1.0
38.0	8.7458252	183.98238913322425	404.0150569630736	50.0	50.0
39.0	29.01603	10.0	249.17201924995604	50.0	1.0
40.0	7.675815	196.56379442611345	233.23490282955032	10.0	50.0
41.0	7.27884	573.0	266.40861626469973	50.0	50.0
42.0	6.0351672	493.72949034731	327.85057756814814	10.0	1.0
43.0	17.710465	184.1084471507419	10.0	50.0	50.0
44.0	7.8230531	193.6845447211849	281.14987319306005	50.0	1.0
45.0	5.382037	445.7627835549222	517.5047450308333	10.0	1.0
46.0	6.7356321	361.14710582246187	254.73259688916053	10.0	1.0
47.0	5.831085	573.0	464.9019958824563	50.0	1.0
48.0	9.0503765	195.064236804418	164.86702068274357	10.0	1.0
49.0	15.909523	573.0	10.0	10.0	1.0
50.0	6.4418525	573.0	319.1689914535379	50.0	1.0
51.0	5.8577958	479.41443010307023	500.88341670501273	50.0	1.0
52.0	5.8408886	428.19142471122746	402.74138476897406	10.0	1.0
53.0	6.0660755	207.54711556467925	510.0080875411401	10.0	1.0
54.0	7.4892925	573.0	198.782341176394	50.0	1.0
55.0	8.9188245	573.0	573.0	10.0	50.0
56.0	5.4715733	573.0	573.0	50.0	1.0
57.0	4.9909354	573.0	553.1071661873269	10.0	1.0
58.0	7.2684384	508.97121223557065	192.85963107020643	10.0	1.0
59.0	5.6350511	387.9170955409043	480.0218036685289	10.0	1.0
60.0	5.1825289	461.5684307346875	573.0	10.0	1.0
61.0	6.2891082	429.3263669169595	315.23936387170045	12.501299225989053	24.88262706404265
62.0	6.9687291	181.9659616379079	569.70057632875	48.165904825934895	13.16600435319054
63.0	5.4684534	560.9101090356681	527.5578722105137	24.435793833337268	5.788167820344814
64.0	18.608342	100.73082076295968	15.467773367181326	11.923185449903118	2.9380518180633715
65.0	6.4846891	565.8816367849187	383.7111530643935	48.30942784179437	30.83369477489644
66.0	8.4617776	323.327167146433	134.8336823494673	13.072026303683767	45.45967846109699
67.0	7.3273121	568.2289707179049	172.7761207283382	18.867066058044205	29.75298571390288
68.0	8.6396439	149.40750151965173	210.9102955421195	47.59483633805428	48.49685862145538
69.0	6.1689531	435.673426686254	449.5191215293178	47.474583764163526	12.195380230040248
70.0	6.0083136	225.1465856278124	572.5803815907744	26.994648348696675	1.6992933349710224
71.0	6.1366721	529.989089078239	279.74580142102303	10.13571818981493	21.347695589253835
72.0	6.211079	380.0766982514548	349.9608748992463	13.394914615724575	4.188537062429502
73.0	6.0082405	331.10439403294816	444.0888952953615	10.735322824030783	13.99079208255174
74.0	5.7254716	406.7949191792748	527.1387758260668	26.71772920435448	3.850345788541107
75.0	5.326692	501.3945427194205	570.7838715110635	18.07275001935298	5.257339012990299
76.0	7.9449831	385.1425365001541	167.95192336721382	11.171269804160389	4.107520474936736
77.0	6.7304391	417.05452182615903	237.8504554941892	12.899166610604524	36.19116968834888
78.0	5.9589245	560.4310586087398	330.5998658350909	11.221263318895636	28.286567251564563
79.0	7.3575163	165.6424904803808	481.82418859356966	16.127818575950045	37.89475117210709
80.0	5.8869452	481.6864501774198	413.9897250387214	14.441222878036314	20.217842389613505
81.0	9.2262159	125.96825805827793	134.7422106551778	10.489021711673695	48.42792942343048
82.0	10.795375	274.94226247101767	131.1881358326449	49.72192032598503	1.2120573569518007
83.0	5.2102887	515.5456187914315	529.8603502590489	10.011904399928348	3.023844513467369
84.0	45.289602	14.176338219596737	25.87122773197833	11.713728554487002	45.5474005665431
85.0	16.716916	202.4562845845824	64.01235765585963	13.019409973008532	14.301449919662554
86.0	11.54739	394.50304355593534	89.89174061391765	48.06066036224231	38.24673721276196
87.0	6.5641194	499.853234628129	316.8703059668259	44.418739015089145	27.20121407841808
88.0	7.1262482	316.39999744648986	214.79943380782493	12.688033511673758	31.86289570772368
89.0	5.6343811	452.72965539906727	457.5896902260746	11.667804146822146	3.460078076594527
90.0	5.4745508	569.4198416677743	469.0042176166919	16.973853791735518	1.4377347713898074
91.0	7.0521175	198.79231526220585	512.5461371587988	48.65427290020618	16.657582359640493
92.0	6.4464187	188.89502894053743	443.4500627562989	15.702602487640402	6.719479445063349
93.0	6.1237669	519.7942944673455	486.547227782622	49.50022627990646	21.80054004557337
94.0	9.7309526	162.66682503561978	165.1979082493596	47.89201477613402	7.869399715291951
95.0	6.8455331	398.4696769775059	293.80595374402304	47.64025990500154	19.408962069456013
96.0	6.909453	121.00887591410508	453.1530357459253	11.150264850500058	2.7709043233277635
97.0	5.380379	407.7858343905591	571.6179186859556	11.778452144005144	4.292552539264215
98.0	6.3087537	311.91662585831347	455.556153925563	41.04774365348244	1.5871202338449386
99.0	6.8401206	236.17290837125853	298.8410518665242	10.861473266951496	2.6692162797301906
100.0	5.7639207	570.9530577092877	344.0166273822532	10.278114886813473	2.702335368989949
