Iteration	Y	a	c	n	t
1.0	6.1424915	111.49183483762106	283.29545626846146	39.19857880883274	31.984366677351307
2.0	34.887086	20.96456095753264	17.19559861451267	14.349442874758996	2.003697026770401
3.0	7.282222	270.792030418568	284.3902149210877	45.75616681140325	6.720126170220795
4.0	6.1342269	418.1378021351792	540.2371452693151	44.28616988291319	16.50199826901448
5.0	6.1424915	246.5746293828905	488.9976353191264	16.603464703809085	8.737703027071909
6.0	5.8358752	426.59270452021474	547.5403531114108	42.63849426436232	5.889874080064375
7.0	7.0928198	274.6401976340196	294.3034894444212	38.810848588276166	15.305808241618324
8.0	6.1368882	252.23370885465653	488.5131389555954	19.482880767184348	5.485381946799009
9.0	30.0811	10.0	472.0486813439277	50.0	50.0
10.0	5.3040029	573.0	457.2829341343008	10.0	1.0
11.0	8.9234359	573.0	573.0	10.0	50.0
12.0	7.0904001	573.0	202.8876697885256	10.0	1.0
13.0	17.379488	573.0	10.0	50.0	50.0
14.0	6.3577724	573.0	336.7503674190913	50.0	1.0
15.0	6.9044272	182.9809340969338	323.5715061213192	10.0	1.0
16.0	5.7773884	455.5797178920424	401.20693443846153	10.0	1.0
17.0	5.4864857	327.86738132353025	573.0	10.0	1.0
18.0	8.5204062	175.16670090132575	276.35331282978655	50.0	50.0
19.0	6.5782069	427.11053910953456	253.70819902281244	10.0	1.0
20.0	8.2486028	312.13696213566163	449.80309025234607	10.0	50.0
21.0	6.8613922	573.0	341.25152473755804	10.0	50.0
22.0	5.898127	518.4271803688125	467.8800857252109	50.0	1.0
23.0	5.7092621	246.01046093914303	573.0	10.0	1.0
24.0	8.405497	93.3291558859641	264.8434501552828	10.0	1.0
25.0	6.6968646	379.1287823738069	334.1847150268179	50.0	1.0
26.0	5.3647227	475.4757379918224	504.29407063306405	10.0	1.0
27.0	5.90338	529.785321068064	332.5698245887724	10.0	1.0
28.0	9.6060511	281.59522402835853	573.0	50.0	50.0
29.0	5.5068631	573.0	399.57676290671736	10.0	1.0
30.0	6.4027043	324.3016427591886	337.1042012274348	10.0	1.0
31.0	5.44047	523.4345744479158	443.8008091235209	10.0	1.0
32.0	8.4824235	114.4316543220636	312.20894974126765	50.0	1.0
33.0	8.6500403	100.80530527760708	294.57959601048924	10.0	50.0
34.0	5.5057017	397.534006280025	516.6185215712632	10.0	1.0
35.0	7.279604	496.603724784282	245.922280766506	50.0	50.0
36.0	9.0865654	84.04502096353868	244.376423760317	50.0	50.0
37.0	7.6012789	573.0	448.7180748826183	10.0	50.0
38.0	5.2573594	428.3593351559332	573.0	10.0	1.0
39.0	11.716909	385.32025236866673	117.70450234883964	10.0	1.0
40.0	5.4715733	573.0	573.0	50.0	1.0
41.0	6.3361752	420.5000964383565	546.4073341597006	41.300126804835074	26.578316741029944
42.0	5.512244	470.7194874631548	506.16968576283176	10.877075154789129	13.403352397710552
43.0	5.0744186	505.7506677264679	573.0	10.0	1.0
44.0	5.1174481	551.3338793107135	531.1362494973572	10.0	1.0
45.0	5.7521001	277.3374619294097	532.414317987281	10.0	1.0
46.0	5.2437944	550.6858033411525	530.7410243078084	11.88201134443364	9.373074682165916
47.0	5.6202493	530.6052333521045	548.7681264063713	50.0	1.0
48.0	7.0710578	433.1541148617573	317.3972867436192	10.0	50.0
49.0	5.6808701	573.0	505.7499143634016	50.0	1.0
50.0	6.0810722	573.0	283.8150806567815	10.0	1.0
51.0	7.0545528	270.674198280594	301.5659287762404	30.86898533003032	19.070221946741714
52.0	2200.0	254.9978506871664	413.03939070365846	10.0	1.0
53.0	8.4590439	330.61952158131663	486.1028218353	17.790043717200987	50.0
54.0	6.5674338	244.34262152417423	515.2901049158586	36.37453537711429	15.38099061441432
55.0	6.5193592	340.8772479664577	295.411672543154	10.0	12.624902839594546
56.0	5.8128132	236.86010606378025	569.7046786869128	12.586194509590827	3.6114318602882487
57.0	7.2781596	192.2849245429849	268.667689945793	10.0	1.0
58.0	7.8277814	374.7320183422088	428.75027596519	10.0	50.0
59.0	8.4186659	481.1254705718215	159.40646558060158	10.0	1.0
60.0	8.9223642	554.5947707967828	121.19885349750564	50.0	50.0
61.0	5.6485377	479.6741631271109	508.2912384158226	15.650326961263312	16.39394508758917
62.0	18.000509	465.6100832298232	55.17375177188033	43.112007429360574	33.764932809094724
63.0	16.971193	356.57917803562293	10.0	15.51366688372794	11.390834172866771
64.0	7.4314135	257.3060800932253	257.3284678855022	10.0	50.0
65.0	14.099737	281.1106028589365	92.64792500232566	50.0	11.42155818952428
66.0	6.9765009	273.87678909513073	296.0204117776349	25.359214070198103	18.86492543605941
67.0	11.392244	37.04305561443276	159.54704424312567	10.56200742035778	20.21065387049357
68.0	10.002131	135.43422373982443	132.02909023617818	50.0	50.0
69.0	18.024594	189.88146739746887	29.78185646419489	28.920994652788725	39.81407943907829
70.0	29.34248	10.0	311.8259915371606	50.0	31.171591437913268
71.0	5.8260406	528.1439545066992	471.9036498005961	43.10667563464889	1.3101898276403392
72.0	8.1536165	222.7437374867568	145.71938566126556	10.0	50.0
73.0	7.4083602	79.83011082698502	573.0	10.0	1.0
74.0	7.7161667	417.11709751349935	179.01278980567773	50.0	50.0
75.0	17.509479	110.789589308113	76.5361158711956	10.0	1.0
76.0	8.2761574	113.89553036657914	282.978482227519	38.64536741608063	37.82982613196269
77.0	5.1535971	550.2390422976963	541.2189366533703	13.06191340778945	1.5537821728300438
78.0	7.8210222	501.6716192028844	380.9099408204594	50.0	50.0
79.0	7.3742255	363.90846175499	342.15406420877497	10.0	50.0
80.0	31.846822	10.0	573.0	50.0	50.0
81.0	7.2365305	274.04595903177926	294.6190270436404	46.63159040672733	11.340384196210596
82.0	6.9715333	269.9144560711582	300.72935466288675	30.865839122226507	10.360462122027336
83.0	32.577508	10.0	93.7311527283224	50.0	50.0
84.0	17.464415	280.288206228181	10.0	50.0	50.0
85.0	16.048505	573.0	73.5763629493068	10.0	1.0
86.0	6.0259293	526.3265306450858	329.25950418178047	13.942408570035363	4.987714980334366
87.0	8.5852677	272.72780128380094	505.2148673176733	10.0	50.0
88.0	7.2307047	150.22976980966692	303.83447037192263	10.0	1.0
89.0	7.9024842	320.11204005438145	156.17655597091124	10.0	50.0
90.0	9.7153082	146.90670985058762	573.0	10.0	50.0
91.0	5.8131557	526.580923994626	479.2703590310201	43.510502110086925	2.374974115969644
92.0	18.387707	100.19148257398376	10.0	50.0	50.0
93.0	13.136833	365.256346425992	78.37153435800462	50.0	50.0
94.0	29.308548	10.0	223.2111224791536	50.0	1.0
95.0	41.149595	10.0	396.77392286413794	10.0	1.0
96.0	8.8361187	126.8286832177939	175.52517061999606	10.0	1.0
97.0	13.343767	193.0177054907527	107.47068430027396	50.0	1.0
98.0	10.348595	92.82149183074574	518.1748863783679	50.0	50.0
99.0	16.795274	508.3939334975187	10.0	10.0	1.0
100.0	7.273082	573.0	237.25100919178897	50.0	50.0



