Iteration	Y	var_1	var_2	var_3	var_4
1.0	8.2655317	111.49183483762106	283.29545626846146	39.19857880883274	31.984366677351307
2.0	34.940149	20.96456095753264	17.19559861451267	14.349442874758996	2.003697026770401
3.0	7.282222	270.792030418568	284.3902149210877	45.75616681140325	6.720126170220795
4.0	6.1342269	418.1378021351792	540.2371452693151	44.28616988291319	16.50199826901448
5.0	6.1424915	246.5746293828905	488.9976353191264	16.603464703809085	8.737703027071909
6.0	5.7924353	426.59270452021474	547.5403531114108	42.63849426436232	5.889874080064375
7.0	7.0928198	274.6401976340196	294.3034894444212	38.810848588276166	15.305808241618324
8.0	6.1345085	252.2336762778721	488.5131417446239	19.48286419167649	5.485400668953928
9.0	9.3453923	573.0	148.77281948898812	50.0	1.0
10.0	28.630728	10.0	573.0	50.0	1.0
11.0	5.408834	573.0	429.15816473421495	10.0	1.0
12.0	8.9188245	573.0	573.0	10.0	50.0
13.0	15.920521	573.0	10.0	10.0	50.0
14.0	6.0444235	459.6492270207263	338.2503712392884	10.0	1.0
15.0	7.2978871	573.0	315.92252086522603	50.0	50.0
16.0	6.6671168	188.52915977538723	368.1561923545435	10.0	1.0
17.0	5.4112963	352.79065917769094	573.0	10.0	1.0
18.0	5.5696199	419.5602574933119	477.9294896705953	10.0	1.0
19.0	8.5564862	202.6800385716849	385.8383495422798	50.0	50.0
20.0	6.0798413	573.0	288.0117431404211	10.0	1.0
21.0	6.1521761	573.0	382.5553635938964	50.0	1.0
22.0	7.2440729	381.3736739373021	192.11818011209	10.0	50.0
23.0	7.6141643	201.6664037320677	245.2155801740109	10.0	50.0
24.0	5.1771256	458.1869805192978	573.0	10.0	1.0
25.0	5.2825262	510.20807213931073	501.8458810898538	10.0	1.0
26.0	5.7543911	323.58508820444865	493.0176198489132	10.0	1.0
27.0	5.5438413	517.7742695126997	417.5468062887404	10.0	1.0
28.0	5.3330537	425.0447101538193	544.5785274370327	10.0	1.0
29.0	5.4715733	573.0	573.0	50.0	1.0
30.0	5.7153237	573.0	496.81318976558697	50.0	1.0
31.0	4.9226067	573.0	573.0	10.0	1.0
32.0	5.0135931	534.2372055093737	573.0	10.0	1.0
33.0	5.0425315	573.0	536.5697568602976	10.0	1.0
34.0	5.0608777	507.9414148157013	573.0	10.0	1.0
35.0	4.9187957	573.0	573.0	10.0	1.0
36.0	4.9187957	573.0	573.0	10.0	1.0
