Iteration	Y	a	c	n	t
1.0	7.7444027	175.89639651284276	379.5157727598066	47.8273274727363	32.96851215781709
2.0	6.493623	308.72034340578057	368.92426447256696	12.401787212615414	28.03581706310889
3.0	8.1784233	117.8262030514396	334.0644291829581	44.56168414184844	30.2781494087135
4.0	20.468044	48.22790166169704	31.992421814331827	45.09162104592121	24.6929025911901
5.0	6.8747686	453.0728139799512	211.44905932423805	12.047746624818148	14.866419881992568
6.0	6.539806	313.42492928820286	357.77207961194875	18.64832986035875	24.49588425158403
7.0	6.8067058	304.9509581236094	357.54165192394714	31.8170018372016	24.29596797994134
8.0	6.4692463	319.88687978883485	353.4307036043312	13.541306753562576	26.77441452182817
9.0	4.9187957	573.0	573.0	10.0	1.0
10.0	40.358946	10.0	573.0	10.0	1.0
11.0	6.6705886	304.9604602527996	364.0060090842224	26.07387148278946	27.183128939452185
12.0	6.4664232	321.9583573857389	352.797248042241	13.741962909500366	26.5808078706906
13.0	15.920521	573.0	10.0	10.0	50.0
14.0	5.6999594	573.0	356.5480674575136	10.0	1.0
15.0	8.2277456	573.0	492.7309037784713	50.0	50.0
16.0	5.6917015	434.8488454163219	573.0	50.0	1.0
17.0	5.4539272	478.9223554499047	471.2895044802442	10.0	1.0
18.0	8.8185393	477.7183683787681	573.0	10.0	50.0
19.0	7.0738307	573.0	230.1816701517778	50.0	1.0
20.0	6.5117906	489.3359643947173	356.7715429314255	50.0	1.0
21.0	7.7070387	180.98000248845568	246.7372098702213	10.0	50.0
22.0	5.4715733	573.0	573.0	50.0	1.0
23.0	6.664947	573.0	251.13024099295544	10.0	50.0
24.0	5.1656374	573.0	500.0261448161165	10.0	1.0
25.0	6.2701651	520.3626183640478	272.2422917398633	10.0	1.0
26.0	6.0835702	393.4506201719549	482.8352916548153	50.0	1.0
27.0	5.057238	513.6245389235297	573.0	10.0	1.0
28.0	5.7165621	493.9925262572455	534.4488041352433	50.0	1.0
29.0	5.3083634	435.20335519494944	546.6742350649038	10.0	1.0
30.0	5.009159	573.0	548.8810217674967	10.0	1.0
31.0	4.97246	554.5722168198512	573.0	10.0	1.0
32.0	5.1385718	526.2596509383676	546.0811769606299	10.0	1.0
33.0	4.9187957	573.0	573.0	10.0	1.0
34.0	5.1396798	476.2887947677785	573.0	10.0	1.0
35.0	4.9226067	573.0	573.0	10.0	1.0
36.0	5.3666512	573.0	441.6089786044278	10.0	1.0
37.0	4.9187957	573.0	573.0	10.0	1.0
38.0	4.9187957	573.0	573.0	10.0	1.0
