Iteration	Y	var_1	var_2	var_3	var_4
1.0	6.5305611	447.8464571530608	265.2919262959467	11.401460964057492	34.31254962732675
2.0	7.203514	143.73570687965562	352.8909065345995	21.937978835567176	13.557717517004876
3.0	5.7492559	474.06881388835046	446.6214277225287	12.34049967528299	18.031479542472105
4.0	6.2065229	553.7167984982088	371.228313099356	44.28243770348796	1.4612257339675012
5.0	5.9108016	557.574427128455	416.4962632180413	24.9141611149923	18.55835535254352
6.0	33.28138	10.006774899620106	311.07599424543105	33.03500910222022	21.996887044835763
7.0	13.310905	147.94889575853958	101.907848464778	33.322452976471695	14.153264922066288
8.0	7.2735816	140.60154836567438	357.3712250781893	26.56223446829893	12.360903188460144
9.0	7.3498936	131.4694920606104	358.5304576227648	26.738382799084874	10.608736724030496
10.0	7.7678155	573.0	153.42679454447642	50.0	50.0
11.0	9.1054071	549.3632218635304	573.0	50.0	50.0
12.0	6.131844	344.7999518866059	376.7340427208833	10.0	1.0
13.0	5.5884467	313.00253633795006	541.5682846537612	10.0	1.0
14.0	6.222087	159.10577225313972	534.7872324288354	10.0	1.0
15.0	17.967322	452.4708660190776	10.0	10.0	1.0
16.0	6.6098917	443.9841769474036	254.8812831606898	16.963439429652915	30.071559752300388
17.0	40.261976	13.872203464002483	573.0	10.0	50.0
18.0	6.1832032	224.5237775425296	460.7625283729599	10.0	1.0
19.0	7.4822526	285.4129378740151	208.30852186194053	10.0	1.0
20.0	48.216797	10.0	10.0	10.0	1.0
21.0	5.8960306	552.2739784159554	425.3196443419045	30.35952949773701	12.35485329569249
22.0	4.9187957	573.0	573.0	10.0	1.0
23.0	6.7033069	573.0	215.1010898545001	10.0	1.0
24.0	16.877722	274.94146896564456	10.0	50.0	50.0
25.0	5.1885702	450.3438176410049	573.0	10.0	1.0
26.0	7.3090053	142.97429667215502	347.93542439408697	26.41898475060747	13.238078428248336
27.0	6.6473111	455.5663122861997	253.37399633590908	17.160086129597644	35.25217220539712
28.0	6.3251068	236.05099087600493	573.0	50.0	1.0
29.0	5.9762472	480.3829138747996	340.60032664734587	10.0	1.0
30.0	6.9928125	186.83479790013183	311.5520974299298	10.0	1.0
31.0	8.2092172	242.2641896298441	180.5576586132441	50.0	50.0
32.0	6.0425312	397.459737783406	489.352745604361	50.0	1.0
33.0	6.6555316	573.0	276.3855644646168	10.0	50.0
34.0	5.1747216	573.0	495.331305567002	10.0	1.0
35.0	7.6861771	421.72020850715273	345.5259867613409	50.0	50.0
36.0	10.477702	252.34923650199124	142.4974440232987	50.0	1.0
37.0	7.6332498	379.2851644579285	157.00153265176476	10.0	50.0
38.0	5.4715733	573.0	573.0	50.0	1.0
39.0	5.7072571	405.77333442442847	456.41250547366855	10.0	1.0
40.0	5.172571	513.918695817679	537.7882744902706	10.0	1.0
41.0	5.9801343	559.4746731095306	418.9593068014017	23.11682747134438	25.076253856877912
42.0	5.7766752	232.8981418652812	573.0	10.0	1.0
43.0	5.8293762	376.5532118955834	573.0	50.0	1.0
44.0	8.1173304	218.81623432128035	148.78861396206577	10.0	50.0
45.0	5.371319	440.9857583118157	523.5555029546875	10.0	1.0
46.0	7.1223095	137.20004965749536	352.7094185515577	16.270859916932523	9.466489032404478
47.0	7.2330102	310.5242339879682	273.5521687343672	10.0	50.0
48.0	5.6105611	479.7486420592406	573.0	50.0	1.0
49.0	6.0280523	210.84271593587667	520.341446874853	10.0	1.0
50.0	11.242785	573.0	86.2870070691223	10.0	50.0
51.0	5.7213106	466.00455570194686	445.5233657088767	12.724040335268043	13.808369566914298
52.0	5.4095801	517.6435586222103	460.3062328888732	10.0	1.0
53.0	5.3970231	361.71321094292864	573.0	10.0	1.0
54.0	6.8575977	573.0	260.03099505190335	50.0	1.0
55.0	5.0192737	532.7102208459382	573.0	10.0	1.0
56.0	5.0273724	573.0	544.7432405527716	10.0	1.0
57.0	5.4229645	573.0	526.5568978903441	26.581082072463424	1.0
58.0	6.5123396	151.57944477024523	460.9183864561829	10.0	1.0
59.0	5.8468547	323.592439212636	467.3955280772768	10.0	1.0
60.0	5.412773	573.0	428.5642461619026	10.0	1.0
61.0	5.0976745	495.3075570904388	573.0	10.0	1.0
62.0	4.9548229	561.8741783913486	573.0	10.0	1.0
63.0	4.9187957	573.0	573.0	10.0	1.0
64.0	4.9187957	573.0	573.0	10.0	1.0
