Iteration	Y	a	c	n	t
1.0	19.098366	64.91141778494125	56.72875509888069	18.63693024188721	25.48330408539878
2.0	6.2287106	438.5835904879441	388.32309676090273	31.961097283371185	8.453312698667613
3.0	7.2455368	149.02607889264212	464.1123083650132	31.822398320369043	27.101617947306213
4.0	7.2812276	87.7681400491679	563.2836978883925	19.363042925880062	19.963331653880903
5.0	7.0468491	196.60441512153443	367.876993690628	14.549033720283177	34.72804178768605
6.0	7.4448776	171.48556554354633	295.9467611336638	23.261729757614248	32.7320652286929
7.0	7.0412416	140.51479614520397	462.7790067370873	30.2041766167709	19.41737525483063
8.0	7.0182715	141.06156490498643	460.83066125247257	28.040103731734536	19.693157198247818
9.0	16.356892	573.0	58.54909930060362	10.0	1.0
10.0	4.9187957	573.0	573.0	10.0	1.0
11.0	5.3278678	398.4255811911788	573.0	10.0	1.0
12.0	9.1467519	518.4076807120279	573.0	50.0	50.0
13.0	5.4433441	573.0	420.9020940116702	10.0	1.0
14.0	29.453491	10.0	387.3761863771359	50.0	1.0
15.0	6.9710077	318.5758122201917	242.8877630983854	10.0	1.0
16.0	5.7280175	242.82321454729137	573.0	10.0	1.0
17.0	5.9184921	318.88099768517424	449.6146947068374	10.0	1.0
18.0	19.316003	323.89086474276155	10.0	50.0	50.0
19.0	7.2064747	573.0	283.1307515764529	50.0	50.0
20.0	7.0155057	278.7102895781928	325.19191742373306	50.0	1.0
21.0	6.3515735	479.19078548547367	278.01371498793765	10.0	1.0
22.0	5.3838827	482.95325226138254	496.7975635041898	10.0	1.0
23.0	6.2203427	165.9107668462211	525.2527260773455	10.0	1.0
24.0	7.1974035	381.4018623341441	313.7265802868478	10.0	50.0
25.0	5.9607842	322.79232309007404	573.0	50.0	1.0
26.0	7.0280336	522.583804858974	366.4888975990259	10.0	50.0
27.0	5.7153564	573.0	497.19272901991513	50.0	1.0
28.0	7.4488663	237.12517952606893	237.5662510257721	10.0	50.0
29.0	6.3479098	573.0	343.835192668352	50.0	1.0
30.0	6.9487581	221.163399307864	296.4002838568184	10.0	1.0
31.0	7.4957186	424.0315997725988	226.8450862861704	50.0	50.0
32.0	7.9263416	573.0	502.1496991562605	10.0	50.0
33.0	6.037084	396.7698915127761	491.44585612024304	50.0	1.0
34.0	5.091009	498.7819565778682	573.0	10.0	1.0
35.0	6.9105415	209.0300953006199	435.4103880493337	50.0	1.0
36.0	5.601583	330.555631473224	535.3807335288262	10.0	1.0
37.0	6.9709343	149.2045611281434	573.0	50.0	1.0
38.0	6.8739231	412.69965496694186	295.7533761778934	50.0	1.0
39.0	6.02445	573.0	289.9139111120365	10.0	1.0
40.0	5.1040016	573.0	518.3248178256916	10.0	1.0
41.0	5.4715733	573.0	573.0	50.0	1.0
42.0	5.7165147	405.89827669380463	448.8127125380458	10.0	1.0
43.0	5.6105149	509.5629954422816	415.9851589730833	10.0	1.0
44.0	5.6522997	457.8626978874485	573.0	50.0	1.0
45.0	5.0706443	542.0370244498869	553.5782548382518	10.0	1.0
46.0	5.2600085	452.6241371876162	548.3577500777666	10.0	1.0
47.0	5.5161906	318.5762246976564	573.0	10.0	1.0
48.0	5.273004	548.8001113191724	482.3490084797082	10.0	1.0
49.0	4.9870687	550.8666399034405	573.0	10.0	1.0
50.0	4.986033	573.0	558.7190950008958	10.0	1.0
51.0	4.9226067	573.0	573.0	10.0	1.0
52.0	4.9187957	573.0	573.0	10.0	1.0
