Iteration	Y	var_1	var_2	var_3	var_4
1.0	7.612229	301.23870860562977	396.3430339886938	10.098595248035448	48.94291888472672
2.0	11.027749	543.1399459477403	104.09937134533168	45.36128729488419	42.409597284189246
3.0	7.2310789	440.9538445404586	230.94510861981223	45.39790153505894	4.188696513802481
4.0	7.0642593	168.98886015348444	357.9634715033316	22.01638757465924	15.442478771150911
5.0	8.0926086	134.4485395163104	241.916643405474	33.58327460858858	15.108787607395074
6.0	7.0952033	157.92700409584077	354.7582933786302	23.80677678520833	17.945366252932878
7.0	6.9025017	295.89657971395843	395.9001425934275	11.0207822777034	40.62629083618869
8.0	7.7884806	303.5136431302081	395.9165351356288	20.04229565045884	49.18257465635431
9.0	6.3071434	261.73652403937035	393.45572445248257	10.0	1.0
10.0	6.3891156	293.7210373349925	349.3093001312927	10.0	1.0
11.0	7.4097334	298.2028213901712	240.02632483127576	46.49392580720013	22.35433380109301
12.0	7.3702634	331.20761398296565	323.4742262308418	14.889755538444236	49.407710742493
13.0	6.8183168	324.71424340879315	365.2929775901223	48.26444490321462	20.006812145926045
14.0	6.8366793	446.0562537907464	556.1317911699803	47.327799264148894	35.152938881812055
15.0	13.960756	86.14504033392656	90.4794341498	23.86313963235521	19.477466454859265
16.0	7.2961339	438.1369230742195	221.6093370242421	46.196169320454295	12.00167601762092
17.0	6.9938556	297.4070567005108	396.0253089215088	10.761345210783706	42.97804770270664
18.0	6.9255953	250.6911403925077	354.1587255191377	39.23916731531198	1.0
19.0	6.3685423	215.01775232792525	411.9886478215017	10.0	1.0
20.0	7.141942	228.29861120686024	384.0555592370287	10.0	42.15941494544079
21.0	6.7620699	242.6218623452304	423.95978194894207	50.0	1.0
22.0	6.0898873	249.1314862010554	455.38104669108105	10.0	1.0
23.0	6.2456345	201.7416367592316	468.6133675214222	11.445850152388257	1.0
24.0	2200.0	224.7890750231232	457.3682832892426	10.0	44.118403996595504
25.0	7.6410254	234.7216121131629	320.66907577171685	10.0	50.0
26.0	6.0721331	313.67120274316017	452.8563311017276	20.2466421301407	1.0
27.0	7.1289859	368.8546129263267	274.1111801088612	50.0	7.83375280376569
28.0	7.7849621	193.37350504331403	288.37432567456005	50.0	3.5278115032088504
29.0	6.486168	147.40600435233566	489.25168819810665	16.4968307159887	1.0
30.0	7.3821684	221.95542335266035	236.75457959198155	20.205262201133245	36.45616648981279
31.0	7.4686713	281.36683414627026	301.7244630204458	50.0	38.86399231009481
32.0	7.1938644	356.1116280656845	239.00964113252368	10.0	50.0
33.0	7.8558991	165.49026318453772	290.4974032013342	10.0	50.0
34.0	7.1701143	416.6807905273173	277.05042106003344	18.707531927778565	50.0
35.0	6.285274	384.4881324375067	330.721368405587	10.0	5.023665485734306
36.0	7.6772541	390.0050782827308	333.79120426975555	50.0	50.0
37.0	6.7007917	318.7290463442994	283.2038371193308	10.0	1.0
38.0	6.1358446	365.9923020608024	398.0972230127552	10.0	22.37635225433596
39.0	6.7232402	434.8691426799667	307.86962922559667	50.0	1.0
40.0	7.706265	365.1823895408626	206.8269254730677	41.79623861947957	1.0
41.0	6.4960397	441.3638213083085	345.8856131361459	10.0	41.49921985431583
42.0	8.3382749	126.243809346807	302.3996027434977	50.0	1.0
43.0	6.4478105	413.2235603603485	375.1457293281939	50.0	1.915897472836949
44.0	6.8542055	251.45687001059008	282.3178352828938	10.0	1.0
45.0	6.8562545	480.17314973471696	287.51848925979294	33.34802872820184	42.20735983110362
46.0	6.4365786	483.0155263369788	351.5310439154564	50.0	12.88346738195444
47.0	7.7847595	424.926386775644	407.0184941984235	27.442005896458475	50.0
48.0	6.2725475	384.5743579088833	440.6869335523842	50.0	8.70034458543792
49.0	5.7859632	459.2636638350231	396.2833789993157	10.0	1.0
50.0	8.4420529	206.4187787976758	347.3620889796583	50.0	50.0
51.0	6.1209618	449.0862862894638	443.0516615952405	50.0	5.504054247559583
52.0	7.4600709	484.3822387625456	405.2329942430769	50.0	46.64649263643839
53.0	8.0815354	269.0117703110943	356.466170769296	44.29070444804159	50.0
54.0	7.191468	421.0969932415617	487.22086330491385	35.5679740539254	41.90252355855268
55.0	7.1954007	470.3322467605818	452.9843147976784	10.0	47.381285948619
56.0	6.2985956	480.4007439472994	499.6219267355861	50.0	25.455771452686708
57.0	5.8409322	509.25675351818944	440.55681346218535	29.42705341543302	1.5288334876579217
58.0	5.8122754	519.7429593243893	382.9490168979028	10.0	23.857561689396302
59.0	8.0091588	371.6006788166876	454.5021382400631	10.0	50.0
60.0	6.7965359	397.65519884468273	247.5067135613812	10.0	1.0
61.0	5.751819	372.4734934800333	494.0797634139974	17.097119580142717	1.0
62.0	8.1225627	524.1613941950087	460.840076697903	50.0	50.0
63.0	6.0228363	506.4923118049282	317.60980560539014	10.0	1.0
64.0	7.3802642	527.1675277563406	332.9814340491492	38.230464859453605	50.0
65.0	5.4684698	447.8677078141727	490.17712852526057	10.0	1.0
66.0	5.4752177	410.3547861339206	541.1604968274376	10.0	7.909434704778454
67.0	5.2235316	477.94492879990406	544.86354419141	10.0	1.0
68.0	5.3886638	521.8025301446921	497.66996969491504	10.0	12.653142146877222
69.0	8.5127288	375.66941029729367	529.4474345071064	40.50722950334188	48.669923839541816
70.0	7.7843661	549.5424584023174	401.16131222107833	50.0	50.0
71.0	8.8802184	508.5075928786829	543.4114192460418	28.44746589803786	50.0
72.0	6.3042125	547.217678054096	358.2224655119139	50.0	1.0
73.0	7.5260102	394.199116079341	231.9878035558234	50.0	50.0
74.0	5.6463743	561.1239600554392	441.2489411838641	10.0	25.87269924880595
75.0	7.0770721	399.05909663854055	189.6975042849789	10.0	36.857398954749485
76.0	8.2517806	458.3752978608845	519.5725708806928	10.0	50.0
77.0	7.7633057	335.4866718861195	192.5216954335432	46.62984486878055	50.0
78.0	8.1095144	225.25175665893155	282.24487930174894	50.0	50.0
79.0	6.9521956	457.5914796704396	232.4445252773094	10.0	50.0
80.0	6.4913645	490.8389856799142	253.6648063681372	10.0	1.0
81.0	6.6675772	532.9084242309427	284.914884671242	50.0	9.86699000502185
82.0	7.0940242	503.2987204814904	231.3308121003634	50.0	36.89678754523971
83.0	6.7889378	531.4475715405858	268.9555161584203	10.0	50.0
84.0	7.1742475	480.9976978634934	191.98932782930663	11.11460037842532	8.462573032718577
85.0	6.7891763	212.0532250113989	328.6465791531133	10.0	1.0
86.0	6.7831205	544.1265556848482	224.8259395744838	16.386171968989878	6.188400164153805
87.0	7.4266215	315.52816319711974	201.1768418117175	10.0	5.195539420334558
88.0	7.4177865	276.1894706271097	209.222431983356	10.0	50.0
89.0	8.0520151	255.81796697295667	202.12594957991504	38.97976702764706	1.0
90.0	5.8798083	566.7042020011356	315.5884949156178	10.0	16.843948785091893
91.0	6.9492153	523.1250560741381	192.045005061276	10.0	50.0
92.0	8.0989506	526.1750892119734	173.92411960459023	50.0	9.066208375476048
93.0	7.6106992	474.3441366171861	177.70230607607212	49.88815738075719	50.0
94.0	8.8377425	499.5326436866129	136.85465849003918	13.024912004256157	32.459695606771014
95.0	8.8141089	437.297395531416	153.36511399911612	32.013859259084235	10.486363162980512
96.0	8.4157378	288.8604499520973	158.8827939604794	39.11154855241293	29.26049151722908
97.0	7.6569988	334.5776926247726	276.8183247904691	50.0	50.0
98.0	8.6294227	352.31695252839927	152.19565747369023	18.234343367249465	17.97809574722325
99.0	5.7416348	414.9291270354463	436.2658740238754	10.0	1.0
100.0	7.2308626	563.2184955073737	233.4520764469416	50.0	50.0
