# Force         
# CofR          : (0.00000000e+00 0.00000000e+00 0.00000000e+00)
#
# Time          	(total_x total_y total_z)	(pressure_x pressure_y pressure_z)	(viscous_x viscous_y viscous_z)
1               	(1.89672078e+01 -1.51819512e-01 6.88486090e-02)	(1.74440294e+01 -1.51785259e-01 6.88268328e-02)	(1.52317834e+00 -3.42521627e-05 2.17762688e-05)
2               	(1.80732436e+01 -1.19707340e-01 5.00919754e-02)	(1.65054779e+01 -1.19746397e-01 5.00839412e-02)	(1.56776569e+00 3.90572376e-05 8.03418601e-06)
3               	(6.14792425e+00 -1.04003164e-02 -1.08375992e-03)	(4.53836235e+00 -1.04922072e-02 -1.07740295e-03)	(1.60956190e+00 9.18907612e-05 -6.35696678e-06)
4               	(-4.86559059e+00 7.15840009e-02 -3.69190717e-02)	(-6.51287689e+00 7.14747286e-02 -3.69062628e-02)	(1.64728630e+00 1.09272329e-04 -1.28089265e-05)
5               	(-7.75514088e+00 7.78055229e-02 -3.66877814e-02)	(-9.43723947e+00 7.77068578e-02 -3.66736830e-02)	(1.68209859e+00 9.86651000e-05 -1.40984018e-05)
6               	(-3.17887278e+00 2.96298366e-02 -1.03447962e-02)	(-4.89507875e+00 2.95530914e-02 -1.03403690e-02)	(1.71620598e+00 7.67451849e-05 -4.42711155e-06)
7               	(3.36774214e+00 -2.52001112e-02 1.52077101e-02)	(1.61703752e+00 -2.52522178e-02 1.52001223e-02)	(1.75070462e+00 5.21065848e-05 7.58783246e-06)
8               	(6.75056271e+00 -4.48637239e-02 2.18346071e-02)	(4.96578357e+00 -4.48968834e-02 2.18218182e-02)	(1.78477914e+00 3.31595024e-05 1.27888497e-05)
9               	(5.74019895e+00 -2.52750882e-02 9.07359330e-03)	(3.92363554e+00 -2.53070315e-02 9.06569034e-03)	(1.81656341e+00 3.19432250e-05 7.90295914e-06)
10              	(2.55452525e+00 6.73516341e-03 -7.66499996e-03)	(7.09722353e-01 6.69102370e-03 -7.65957086e-03)	(1.84480290e+00 4.41397159e-05 -5.42909491e-06)
11              	(9.57019823e-02 2.52514850e-02 -1.40081352e-02)	(-1.77392402e+00 2.51904156e-02 -1.39892314e-02)	(1.86962600e+00 6.10694557e-05 -1.89037410e-05)
12              	(-2.35998706e-01 2.16328979e-02 -8.62321960e-03)	(-2.12809707e+00 2.15584576e-02 -8.59891126e-03)	(1.89209836e+00 7.44402446e-05 -2.43083398e-05)
13              	(1.06073836e+00 5.61089906e-03 1.35812387e-03)	(-8.52482082e-01 5.53344854e-03 1.37793734e-03)	(1.91322044e+00 7.74505219e-05 -1.98134645e-05)
14              	(2.56349412e+00 -7.84465724e-03 7.25775002e-03)	(6.30192475e-01 -7.91697742e-03 7.26780076e-03)	(1.93330165e+00 7.23201872e-05 -1.00507402e-05)
15              	(3.20908450e+00 -1.02628529e-02 5.82356012e-03)	(1.25712820e+00 -1.03274142e-02 5.82627238e-03)	(1.95195630e+00 6.45612892e-05 -2.71226624e-06)
16              	(2.87881144e+00 -4.01817626e-03 1.53476912e-04)	(9.10209239e-01 -4.07867406e-03 1.54767545e-04)	(1.96860220e+00 6.04978010e-05 -1.29063328e-06)
17              	(2.14997531e+00 3.42237035e-03 -3.98094355e-03)	(1.67016215e-01 3.36089591e-03 -3.97582698e-03)	(1.98295909e+00 6.14744390e-05 -5.11656639e-06)
18              	(1.65433994e+00 6.47429972e-03 -3.87581484e-03)	(-3.40844823e-01 6.40867991e-03 -3.86597768e-03)	(1.99518477e+00 6.56198147e-05 -9.83716085e-06)
19              	(1.64297959e+00 4.82818861e-03 -6.41780959e-04)	(-3.62684503e-01 4.75828218e-03 -6.30871367e-04)	(2.00566409e+00 6.99064296e-05 -1.09095912e-05)
20              	(1.95410433e+00 1.28932216e-03 2.55012380e-03)	(-6.06126767e-02 1.21713367e-03 2.55759408e-03)	(2.01471700e+00 7.21884869e-05 -7.47027650e-06)
21              	(2.27073287e+00 -7.86927629e-04 3.45453000e-03)	(2.48291966e-01 -8.59588474e-04 3.45635874e-03)	(2.02244091e+00 7.26608452e-05 -1.82873984e-06)
22              	(2.38586708e+00 -4.29895827e-04 1.95845515e-03)	(3.57107602e-01 -5.02165901e-04 1.95600221e-03)	(2.02875947e+00 7.22700737e-05 2.45293195e-06)
23              	(2.29853164e+00 9.70673879e-04 -7.54306976e-05)	(2.64950512e-01 8.98536228e-04 -7.89778563e-05)	(2.03358113e+00 7.21376510e-05 3.54715877e-06)
24              	(2.14346366e+00 2.09872192e-03 -1.18032827e-03)	(1.06544515e-01 2.02620622e-03 -1.18263689e-03)	(2.03691915e+00 7.25156969e-05 2.30862783e-06)
25              	(2.04897666e+00 1.91542244e-03 -6.67035483e-04)	(1.00766909e-02 1.84237307e-03 -6.67942993e-04)	(2.03889997e+00 7.30493691e-05 9.07509914e-07)
26              	(2.05539577e+00 7.64563815e-04 6.24188454e-04)	(1.57093287e-02 6.91348047e-04 6.23123100e-04)	(2.03968644e+00 7.32157685e-05 1.06535317e-06)
27              	(2.12162679e+00 -3.39792393e-04 1.72097908e-03)	(8.22247681e-02 -4.12812375e-04 1.71800482e-03)	(2.03940203e+00 7.30199822e-05 2.97425578e-06)
28              	(2.18044667e+00 -4.64662663e-04 1.91530218e-03)	(1.42345850e-01 -5.37498169e-04 1.90966858e-03)	(2.03810082e+00 7.28355051e-05 5.63359551e-06)
29              	(2.19362077e+00 2.14187217e-05 1.25808686e-03)	(1.57825692e-01 -5.16957383e-05 1.25045099e-03)	(2.03579508e+00 7.31144600e-05 7.63586670e-06)
30              	(2.16680959e+00 5.80297785e-04 3.35621959e-04)	(1.34305362e-01 5.06560224e-04 3.27359486e-04)	(2.03250423e+00 7.37375612e-05 8.26247345e-06)
31              	(2.12961227e+00 7.34266011e-04 -1.98263218e-04)	(1.01327715e-01 6.60089677e-04 -2.06036392e-04)	(2.02828455e+00 7.41763345e-05 7.77317357e-06)
32              	(2.10704918e+00 3.31099360e-04 -1.23086799e-04)	(8.38243395e-02 2.57092552e-04 -1.30079526e-04)	(2.02322485e+00 7.40068081e-05 6.99272625e-06)
33              	(2.10492436e+00 -2.45335593e-04 4.39631466e-04)	(8.75036039e-02 -3.18531517e-04 4.32948778e-04)	(2.01742075e+00 7.31959247e-05 6.68268795e-06)
34              	(2.11295000e+00 -7.32385624e-04 8.93766709e-04)	(1.01999136e-01 -8.04463321e-04 8.86696261e-04)	(2.01095086e+00 7.20776974e-05 7.07044819e-06)
35              	(2.11714745e+00 -8.03304424e-04 1.01637127e-03)	(1.13277411e-01 -8.74366141e-04 1.00855489e-03)	(2.00387004e+00 7.10617173e-05 7.81637563e-06)
36              	(2.11067867e+00 -5.69232916e-04 7.83828085e-04)	(1.14458888e-01 -6.39697407e-04 7.75406339e-04)	(1.99621978e+00 7.04644916e-05 8.42174577e-06)
37              	(2.09600602e+00 -3.04803982e-04 4.13038377e-04)	(1.07963603e-01 -3.75114822e-04 4.04403900e-04)	(1.98804241e+00 7.03108401e-05 8.63447663e-06)
38              	(2.07989514e+00 -1.67038692e-04 1.74366342e-04)	(1.00506683e-01 -2.37394782e-04 1.65859317e-04)	(1.97938845e+00 7.03560894e-05 8.50702540e-06)
39              	(2.06739836e+00 -2.38035832e-04 1.48743943e-04)	(9.70823317e-02 -3.08405231e-04 1.40462397e-04)	(1.97031603e+00 7.03693988e-05 8.28154524e-06)
40              	(2.05917026e+00 -4.54619718e-04 2.79694324e-04)	(9.82865954e-02 -5.24792780e-04 2.71470155e-04)	(1.96088366e+00 7.01730619e-05 8.22416885e-06)
41              	(2.05263919e+00 -6.25967241e-04 4.29006027e-04)	(1.01495799e-01 -6.95765996e-04 4.20609038e-04)	(1.95114339e+00 6.97987553e-05 8.39698880e-06)
42              	(2.04482531e+00 -6.53503323e-04 4.77260879e-04)	(1.03686339e-01 -7.22879136e-04 4.68536771e-04)	(1.94113897e+00 6.93758131e-05 8.72410729e-06)
43              	(2.03444393e+00 -5.82426554e-04 4.40620485e-04)	(1.03534950e-01 -6.51500182e-04 4.31592563e-04)	(1.93090898e+00 6.90736279e-05 9.02792167e-06)
44              	(2.02220232e+00 -5.10447506e-04 3.61577245e-04)	(1.01712477e-01 -5.79414961e-04 3.52319863e-04)	(1.92048984e+00 6.89674554e-05 9.25738242e-06)
45              	(2.00968686e+00 -4.53316889e-04 3.08544289e-04)	(9.97679341e-02 -5.22286235e-04 2.99129154e-04)	(1.90991893e+00 6.89693464e-05 9.41513458e-06)
46              	(1.99805219e+00 -4.12987527e-04 2.99098590e-04)	(9.88175540e-02 -4.81930594e-04 2.89550517e-04)	(1.89923463e+00 6.89430665e-05 9.54807312e-06)
47              	(1.98744774e+00 -4.21783834e-04 3.30872043e-04)	(9.89742963e-02 -4.90665269e-04 3.21165594e-04)	(1.88847344e+00 6.88814353e-05 9.70644955e-06)
48              	(1.97728431e+00 -4.63234399e-04 3.56958160e-04)	(9.96163278e-02 -5.31988865e-04 3.47075405e-04)	(1.87766799e+00 6.87544654e-05 9.88275479e-06)
49              	(1.96688334e+00 -5.05009632e-04 3.49015635e-04)	(1.00039186e-01 -5.73648971e-04 3.38911647e-04)	(1.86684416e+00 6.86393385e-05 1.01039878e-05)
50              	(1.95595523e+00 -5.24278835e-04 3.23620026e-04)	(9.99345577e-02 -5.92819461e-04 3.13258950e-04)	(1.85602067e+00 6.85406261e-05 1.03610753e-05)
51              	(1.94466155e+00 -5.28810261e-04 3.02005719e-04)	(9.94463270e-02 -5.97307645e-04 2.91368342e-04)	(1.84521522e+00 6.84973845e-05 1.06373771e-05)
52              	(1.93335986e+00 -5.14219508e-04 2.96920995e-04)	(9.89143826e-02 -5.82716517e-04 2.85973396e-04)	(1.83444548e+00 6.84970091e-05 1.09475995e-05)
53              	(1.92232144e+00 -4.99524255e-04 3.03051457e-04)	(9.85908582e-02 -5.68005748e-04 2.91794210e-04)	(1.82373058e+00 6.84814923e-05 1.12572472e-05)
54              	(1.91160077e+00 -5.00268319e-04 3.08261002e-04)	(9.85120791e-02 -5.68700185e-04 2.96669404e-04)	(1.81308869e+00 6.84318659e-05 1.15915981e-05)
55              	(1.90108575e+00 -5.18079653e-04 3.08319197e-04)	(9.85504466e-02 -5.86424887e-04 2.96389091e-04)	(1.80253530e+00 6.83452343e-05 1.19301059e-05)
56              	(1.89063670e+00 -5.34273287e-04 2.98529350e-04)	(9.85556521e-02 -6.02554561e-04 2.86291301e-04)	(1.79208104e+00 6.82812739e-05 1.22380490e-05)
57              	(1.88018807e+00 -5.40989118e-04 2.82830822e-04)	(9.84562242e-02 -6.09238722e-04 2.70266084e-04)	(1.78173185e+00 6.82496037e-05 1.25647380e-05)
58              	(1.86977603e+00 -5.35771924e-04 2.66509511e-04)	(9.82768706e-02 -6.03982047e-04 2.53617701e-04)	(1.77149916e+00 6.82101230e-05 1.28918100e-05)
59              	(1.85948200e+00 -5.24076665e-04 2.56044921e-04)	(9.80877288e-02 -5.92245731e-04 2.42831970e-04)	(1.76139427e+00 6.81690661e-05 1.32129514e-05)
60              	(1.84937067e+00 -5.15011965e-04 2.52213390e-04)	(9.79422475e-02 -5.83136723e-04 2.38722093e-04)	(1.75142842e+00 6.81247583e-05 1.34912966e-05)
61              	(1.83945819e+00 -5.13354044e-04 2.50146042e-04)	(9.78484346e-02 -5.81411911e-04 2.36354831e-04)	(1.74160976e+00 6.80578678e-05 1.37912113e-05)
62              	(1.82972354e+00 -5.13966997e-04 2.43899824e-04)	(9.77783401e-02 -5.81939179e-04 2.29803829e-04)	(1.73194520e+00 6.79721826e-05 1.40959945e-05)
63              	(1.82014042e+00 -5.11364049e-04 2.38340146e-04)	(9.76983684e-02 -5.79196297e-04 2.23977256e-04)	(1.72244205e+00 6.78322480e-05 1.43628906e-05)
64              	(1.81069943e+00 -5.04287472e-04 2.35148967e-04)	(9.75926814e-02 -5.71991651e-04 2.20518623e-04)	(1.71310674e+00 6.77041787e-05 1.46303444e-05)
65              	(1.80141197e+00 -4.93982805e-04 2.31306217e-04)	(9.74674567e-02 -5.61568331e-04 2.16422237e-04)	(1.70394451e+00 6.75855265e-05 1.48839796e-05)
66              	(1.79230189e+00 -4.88394014e-04 2.25201966e-04)	(9.73418905e-02 -5.55887531e-04 2.10092282e-04)	(1.69496000e+00 6.74935164e-05 1.51096832e-05)
67              	(1.78338983e+00 -4.88698475e-04 2.17049848e-04)	(9.72321325e-02 -5.56124234e-04 2.01710479e-04)	(1.68615770e+00 6.74257584e-05 1.53393694e-05)
68              	(1.77468432e+00 -4.94618373e-04 2.08796726e-04)	(9.71427519e-02 -5.61969632e-04 1.93252043e-04)	(1.67754157e+00 6.73512588e-05 1.55446829e-05)
69              	(1.76618221e+00 -5.06173319e-04 2.01476645e-04)	(9.70670928e-02 -5.73459248e-04 1.85753492e-04)	(1.66911512e+00 6.72859295e-05 1.57231535e-05)
70              	(1.75787545e+00 -5.20355949e-04 1.95661477e-04)	(9.69940286e-02 -5.87611978e-04 1.79781552e-04)	(1.66088142e+00 6.72560289e-05 1.58799248e-05)
71              	(1.74975861e+00 -5.34042660e-04 1.91184751e-04)	(9.69156714e-02 -6.01259215e-04 1.75146165e-04)	(1.65284293e+00 6.72165550e-05 1.60385859e-05)
72              	(1.74183106e+00 -5.45404629e-04 1.86951637e-04)	(9.68292628e-02 -6.12580923e-04 1.70738312e-04)	(1.64500179e+00 6.71762931e-05 1.62133257e-05)
73              	(1.73409741e+00 -5.53132132e-04 1.81268529e-04)	(9.67370862e-02 -6.20258143e-04 1.64882348e-04)	(1.63736033e+00 6.71260110e-05 1.63861810e-05)
74              	(1.72656477e+00 -5.58694831e-04 1.74052874e-04)	(9.66445398e-02 -6.25769504e-04 1.57498128e-04)	(1.62992023e+00 6.70746723e-05 1.65547464e-05)
75              	(1.71923868e+00 -5.62724496e-04 1.66876682e-04)	(9.65564023e-02 -6.29768900e-04 1.50176900e-04)	(1.62268228e+00 6.70444046e-05 1.66997822e-05)
76              	(1.71212187e+00 -5.67275400e-04 1.60455907e-04)	(9.64753221e-02 -6.34286951e-04 1.43605450e-04)	(1.61564654e+00 6.70115512e-05 1.68504570e-05)
77              	(1.70521411e+00 -5.74024958e-04 1.54577173e-04)	(9.64013263e-02 -6.40999328e-04 1.37569073e-04)	(1.60881278e+00 6.69743704e-05 1.70080996e-05)
78              	(1.69851235e+00 -5.81613323e-04 1.47556620e-04)	(9.63320342e-02 -6.48544625e-04 1.30380276e-04)	(1.60218032e+00 6.69313023e-05 1.71763436e-05)
79              	(1.69201172e+00 -5.86966836e-04 1.39236681e-04)	(9.62636737e-02 -6.53846235e-04 1.21881002e-04)	(1.59574805e+00 6.68793987e-05 1.73556794e-05)
80              	(1.68570790e+00 -5.88214684e-04 1.31866317e-04)	(9.61933728e-02 -6.55044776e-04 1.14316701e-04)	(1.58951453e+00 6.68300925e-05 1.75496161e-05)
81              	(1.67959772e+00 -5.84834489e-04 1.27734189e-04)	(9.61197596e-02 -6.51623478e-04 1.09998508e-04)	(1.58347796e+00 6.67889896e-05 1.77356814e-05)
82              	(1.67367901e+00 -5.80743926e-04 1.25888325e-04)	(9.60427332e-02 -6.47494245e-04 1.07958646e-04)	(1.57763628e+00 6.67503191e-05 1.79296797e-05)
83              	(1.66795069e+00 -5.77369188e-04 1.24402188e-04)	(9.59636075e-02 -6.44090858e-04 1.06298326e-04)	(1.57198709e+00 6.67216694e-05 1.81038616e-05)
84              	(1.66241205e+00 -5.75019148e-04 1.21784036e-04)	(9.58842901e-02 -6.41698697e-04 1.03517949e-04)	(1.56652776e+00 6.66795494e-05 1.82660867e-05)
85              	(1.65706143e+00 -5.73076411e-04 1.17811311e-04)	(9.58059568e-02 -6.39696353e-04 9.93819298e-05)	(1.56125548e+00 6.66199424e-05 1.84293814e-05)
86              	(1.65189613e+00 -5.70316019e-04 1.13935532e-04)	(9.57289067e-02 -6.36861592e-04 9.53367758e-05)	(1.55616722e+00 6.65455735e-05 1.85987560e-05)
87              	(1.64691258e+00 -5.66469790e-04 1.10522828e-04)	(9.56527508e-02 -6.32930471e-04 9.17788933e-05)	(1.55125983e+00 6.64606809e-05 1.87439349e-05)
88              	(1.64210623e+00 -5.61708073e-04 1.08081443e-04)	(9.55765808e-02 -6.28076659e-04 8.91746411e-05)	(1.54652965e+00 6.63685862e-05 1.89068022e-05)
89              	(1.63747294e+00 -5.57805061e-04 1.06850919e-04)	(9.54997342e-02 -6.24067119e-04 8.77556446e-05)	(1.54197320e+00 6.62620581e-05 1.90952742e-05)
90              	(1.63300839e+00 -5.56543489e-04 1.06168655e-04)	(9.54216272e-02 -6.22688025e-04 8.68544917e-05)	(1.53758676e+00 6.61445357e-05 1.93141634e-05)
91              	(1.62870823e+00 -5.57574968e-04 1.05229420e-04)	(9.53418419e-02 -6.23586059e-04 8.56850346e-05)	(1.53336639e+00 6.60110909e-05 1.95443854e-05)
92              	(1.62456852e+00 -5.58451335e-04 1.04472934e-04)	(9.52603406e-02 -6.24302881e-04 8.47108903e-05)	(1.52930818e+00 6.58515456e-05 1.97620436e-05)
93              	(1.62058569e+00 -5.59080321e-04 1.03659109e-04)	(9.51774298e-02 -6.24764798e-04 8.37081727e-05)	(1.52540826e+00 6.56844765e-05 1.99509360e-05)
94              	(1.61675624e+00 -5.59130125e-04 1.02182609e-04)	(9.50936441e-02 -6.24641980e-04 8.20350746e-05)	(1.52166259e+00 6.55118549e-05 2.01475345e-05)
95              	(1.61307687e+00 -5.59449198e-04 1.00240985e-04)	(9.50098648e-02 -6.24779123e-04 7.99231096e-05)	(1.51806700e+00 6.53299260e-05 2.03178751e-05)
96              	(1.60954421e+00 -5.60799203e-04 9.78715621e-05)	(9.49267867e-02 -6.25931308e-04 7.73833986e-05)	(1.51461743e+00 6.51321051e-05 2.04881635e-05)
97              	(1.60615480e+00 -5.63909800e-04 9.51488525e-05)	(9.48446852e-02 -6.28830531e-04 7.44948078e-05)	(1.51131011e+00 6.49207309e-05 2.06540447e-05)
98              	(1.60290472e+00 -5.67966459e-04 9.19198359e-05)	(9.47634508e-02 -6.32673746e-04 7.11180936e-05)	(1.50814127e+00 6.47072871e-05 2.08017423e-05)
99              	(1.59978973e+00 -5.71772695e-04 8.82784199e-05)	(9.46827902e-02 -6.36253139e-04 6.73258762e-05)	(1.50510694e+00 6.44804441e-05 2.09525437e-05)
100             	(1.59680728e+00 -5.74213763e-04 8.41005391e-05)	(9.46024330e-02 -6.38469415e-04 6.30044074e-05)	(1.50220484e+00 6.42556520e-05 2.10961318e-05)
101             	(1.59395538e+00 -5.75029054e-04 7.96893510e-05)	(9.45224566e-02 -6.39048609e-04 5.84613557e-05)	(1.49943293e+00 6.40195551e-05 2.12279953e-05)
102             	(1.59123026e+00 -5.74094542e-04 7.53049686e-05)	(9.44432509e-02 -6.37865613e-04 5.39632528e-05)	(1.49678701e+00 6.37710709e-05 2.13417158e-05)
103             	(1.58862814e+00 -5.72411393e-04 7.08974062e-05)	(9.43655360e-02 -6.35932395e-04 4.94452727e-05)	(1.49426260e+00 6.35210021e-05 2.14521335e-05)
104             	(1.58614521e+00 -5.70509037e-04 6.60906942e-05)	(9.42898643e-02 -6.33770825e-04 4.45398570e-05)	(1.49185534e+00 6.32617884e-05 2.15508372e-05)
105             	(1.58377756e+00 -5.68033153e-04 6.09070055e-05)	(9.42166214e-02 -6.31040049e-04 3.92617072e-05)	(1.48956094e+00 6.30068963e-05 2.16452984e-05)
106             	(1.58152097e+00 -5.65060689e-04 5.51995379e-05)	(9.41459181e-02 -6.27816628e-04 3.34594232e-05)	(1.48737505e+00 6.27559389e-05 2.17401146e-05)
107             	(1.57937102e+00 -5.62257137e-04 4.90093024e-05)	(9.40775811e-02 -6.24763604e-04 2.71956586e-05)	(1.48529344e+00 6.25064667e-05 2.18136438e-05)
108             	(1.57732330e+00 -5.59606102e-04 4.28995579e-05)	(9.40114309e-02 -6.21864174e-04 2.10171164e-05)	(1.48331187e+00 6.22580720e-05 2.18824415e-05)
109             	(1.57537356e+00 -5.56885402e-04 3.65883348e-05)	(9.39473820e-02 -6.18907862e-04 1.46486277e-05)	(1.48142618e+00 6.20224594e-05 2.19397071e-05)
110             	(1.57351767e+00 -5.53150442e-04 2.98100155e-05)	(9.38854755e-02 -6.14945620e-04 7.82502014e-06)	(1.47963219e+00 6.17951776e-05 2.19849954e-05)
111             	(1.57175154e+00 -5.46947573e-04 2.29947765e-05)	(9.38256796e-02 -6.08519597e-04 9.68919928e-07)	(1.47792586e+00 6.15720233e-05 2.20258565e-05)
112             	(1.57007119e+00 -5.39267049e-04 1.58564978e-05)	(9.37679517e-02 -6.00612016e-04 -6.20158085e-06)	(1.47630324e+00 6.13449661e-05 2.20580787e-05)
113             	(1.56847257e+00 -5.32178324e-04 8.87922068e-06)	(9.37121282e-02 -5.93294519e-04 -1.32070815e-05)	(1.47476044e+00 6.11161946e-05 2.20863022e-05)
114             	(1.56695160e+00 -5.26595925e-04 2.79854274e-06)	(9.36579454e-02 -5.87493081e-04 -1.93073065e-05)	(1.47329365e+00 6.08971557e-05 2.21058492e-05)
115             	(1.56550434e+00 -5.22956605e-04 -2.87864943e-06)	(9.36051040e-02 -5.83645807e-04 -2.49943713e-05)	(1.47189923e+00 6.06892019e-05 2.21157219e-05)
116             	(1.56412690e+00 -5.20563598e-04 -9.29664454e-06)	(9.35532739e-02 -5.81054830e-04 -3.14052664e-05)	(1.47057363e+00 6.04912322e-05 2.21086219e-05)
117             	(1.56281545e+00 -5.17308036e-04 -1.61589830e-05)	(9.35021341e-02 -5.77610087e-04 -3.82507876e-05)	(1.46931332e+00 6.03020507e-05 2.20918046e-05)
118             	(1.56156621e+00 -5.12369358e-04 -2.32200076e-05)	(9.34512757e-02 -5.72493588e-04 -4.52906991e-05)	(1.46811493e+00 6.01242303e-05 2.20706916e-05)
119             	(1.56037546e+00 -5.06468912e-04 -3.03738978e-05)	(9.34002494e-02 -5.66426900e-04 -5.24173880e-05)	(1.46697521e+00 5.99579877e-05 2.20434902e-05)
120             	(1.55923952e+00 -5.00612368e-04 -3.67422915e-05)	(9.33485277e-02 -5.60411913e-04 -5.87515834e-05)	(1.46589100e+00 5.97995448e-05 2.20092919e-05)
121             	(1.55815515e+00 -4.95421015e-04 -4.27536088e-05)	(9.32958787e-02 -5.55068947e-04 -6.47236331e-05)	(1.46485927e+00 5.96479315e-05 2.19700243e-05)
122             	(1.55711913e+00 -4.91985471e-04 -4.83071582e-05)	(9.32420494e-02 -5.51491686e-04 -7.02351517e-05)	(1.46387708e+00 5.95062150e-05 2.19279936e-05)
123             	(1.55612845e+00 -4.89047559e-04 -5.38755163e-05)	(9.31868395e-02 -5.48423978e-04 -7.57603455e-05)	(1.46294161e+00 5.93764191e-05 2.18848292e-05)
124             	(1.55518019e+00 -4.85493159e-04 -5.99378132e-05)	(9.31300586e-02 -5.44748199e-04 -8.17773313e-05)	(1.46205014e+00 5.92550403e-05 2.18395182e-05)
125             	(1.55427145e+00 -4.80807580e-04 -6.63991566e-05)	(9.30714054e-02 -5.39945383e-04 -8.81929777e-05)	(1.46120004e+00 5.91378030e-05 2.17938212e-05)
126             	(1.55339937e+00 -4.75482460e-04 -7.29130705e-05)	(9.30105642e-02 -5.34508601e-04 -9.46585472e-05)	(1.46038881e+00 5.90261405e-05 2.17454767e-05)
127             	(1.55256141e+00 -4.69820477e-04 -7.92866246e-05)	(9.29473875e-02 -5.28741826e-04 -1.00980521e-04)	(1.45961402e+00 5.89213488e-05 2.16938964e-05)
128             	(1.55175537e+00 -4.64996714e-04 -8.53044346e-05)	(9.28820158e-02 -5.23815992e-04 -1.06944407e-04)	(1.45887336e+00 5.88192782e-05 2.16399721e-05)
129             	(1.55097909e+00 -4.61171045e-04 -9.08365246e-05)	(9.28144828e-02 -5.19889907e-04 -1.12423679e-04)	(1.45816461e+00 5.87188623e-05 2.15871547e-05)
130             	(1.55023059e+00 -4.57243954e-04 -9.59776648e-05)	(9.27449052e-02 -5.15865245e-04 -1.17510192e-04)	(1.45748568e+00 5.86212907e-05 2.15325270e-05)
131             	(1.54950788e+00 -4.52921995e-04 -1.00824101e-04)	(9.26733172e-02 -5.11451521e-04 -1.22300193e-04)	(1.45683456e+00 5.85295263e-05 2.14760922e-05)
132             	(1.54880900e+00 -4.48321104e-04 -1.05801068e-04)	(9.25996722e-02 -5.06764498e-04 -1.27219206e-04)	(1.45620933e+00 5.84433944e-05 2.14181381e-05)
133             	(1.54813220e+00 -4.43590641e-04 -1.10529262e-04)	(9.25240462e-02 -5.01955510e-04 -1.31890346e-04)	(1.45560816e+00 5.83648687e-05 2.13610843e-05)
134             	(1.54747596e+00 -4.38617512e-04 -1.14988176e-04)	(9.24466535e-02 -4.96913342e-04 -1.36293983e-04)	(1.45502931e+00 5.82958298e-05 2.13058068e-05)
135             	(1.54683889e+00 -4.33552831e-04 -1.19337840e-04)	(9.23677615e-02 -4.91790053e-04 -1.40587749e-04)	(1.45447113e+00 5.82372224e-05 2.12499089e-05)
136             	(1.54621979e+00 -4.28357013e-04 -1.23548817e-04)	(9.22877117e-02 -4.86546735e-04 -1.44742909e-04)	(1.45393208e+00 5.81897221e-05 2.11940919e-05)
137             	(1.54561742e+00 -4.22823260e-04 -1.27346859e-04)	(9.22067547e-02 -4.80975677e-04 -1.48487195e-04)	(1.45341066e+00 5.81524173e-05 2.11403359e-05)
138             	(1.54503047e+00 -4.17154050e-04 -1.30541087e-04)	(9.21249766e-02 -4.75278874e-04 -1.51627475e-04)	(1.45290550e+00 5.81248247e-05 2.10863880e-05)
139             	(1.54445790e+00 -4.11623435e-04 -1.33435699e-04)	(9.20426353e-02 -4.69731820e-04 -1.54469015e-04)	(1.45241526e+00 5.81083846e-05 2.10333162e-05)
140             	(1.54389876e+00 -4.06132116e-04 -1.35890843e-04)	(9.19600413e-02 -4.64234298e-04 -1.56871956e-04)	(1.45193872e+00 5.81021821e-05 2.09811130e-05)
141             	(1.54335217e+00 -4.00706331e-04 -1.38081302e-04)	(9.18774728e-02 -4.58810553e-04 -1.59011610e-04)	(1.45147470e+00 5.81042219e-05 2.09303083e-05)
142             	(1.54281739e+00 -3.95244563e-04 -1.40120333e-04)	(9.17952719e-02 -4.53358377e-04 -1.61002050e-04)	(1.45102212e+00 5.81138135e-05 2.08817170e-05)
143             	(1.54229356e+00 -3.89511857e-04 -1.41952498e-04)	(9.17136062e-02 -4.47642881e-04 -1.62786739e-04)	(1.45057995e+00 5.81310238e-05 2.08342415e-05)
144             	(1.54177985e+00 -3.83347680e-04 -1.43566638e-04)	(9.16325945e-02 -4.41501543e-04 -1.64356912e-04)	(1.45014725e+00 5.81538634e-05 2.07902742e-05)
145             	(1.54127540e+00 -3.76861272e-04 -1.44809667e-04)	(9.15522595e-02 -4.35042327e-04 -1.65559414e-04)	(1.44972315e+00 5.81810553e-05 2.07497464e-05)
146             	(1.54077945e+00 -3.70382612e-04 -1.45700665e-04)	(9.14726429e-02 -4.28593473e-04 -1.66411304e-04)	(1.44930681e+00 5.82108603e-05 2.07106388e-05)
147             	(1.54029142e+00 -3.63517205e-04 -1.46518773e-04)	(9.13939425e-02 -4.21761562e-04 -1.67191500e-04)	(1.44889748e+00 5.82443573e-05 2.06727263e-05)
148             	(1.53981082e+00 -3.56141770e-04 -1.47028370e-04)	(9.13163516e-02 -4.14422979e-04 -1.67662233e-04)	(1.44849447e+00 5.82812095e-05 2.06338629e-05)
149             	(1.53933702e+00 -3.48393149e-04 -1.47292743e-04)	(9.12399132e-02 -4.06712726e-04 -1.67890562e-04)	(1.44809710e+00 5.83195766e-05 2.05978190e-05)
150             	(1.53886954e+00 -3.40554564e-04 -1.47457538e-04)	(9.11647509e-02 -3.98913887e-04 -1.68023996e-04)	(1.44770479e+00 5.83593228e-05 2.05664584e-05)
151             	(1.53840770e+00 -3.32829126e-04 -1.47656798e-04)	(9.10907295e-02 -3.91228816e-04 -1.68194525e-04)	(1.44731697e+00 5.83996892e-05 2.05377270e-05)
152             	(1.53795100e+00 -3.25079988e-04 -1.47813832e-04)	(9.10178700e-02 -3.83520234e-04 -1.68326415e-04)	(1.44693313e+00 5.84402456e-05 2.05125837e-05)
153             	(1.53749892e+00 -3.17375400e-04 -1.47983319e-04)	(9.09461348e-02 -3.75857687e-04 -1.68476542e-04)	(1.44655278e+00 5.84822864e-05 2.04932229e-05)
154             	(1.53705113e+00 -3.09794353e-04 -1.48023407e-04)	(9.08756115e-02 -3.68322093e-04 -1.68503402e-04)	(1.44617552e+00 5.85277401e-05 2.04799953e-05)
155             	(1.53660744e+00 -3.02400414e-04 -1.47999213e-04)	(9.08065051e-02 -3.60976509e-04 -1.68470809e-04)	(1.44580094e+00 5.85760955e-05 2.04715957e-05)
156             	(1.53616761e+00 -2.95028362e-04 -1.47697126e-04)	(9.07389230e-02 -3.53655846e-04 -1.68163152e-04)	(1.44542869e+00 5.86274833e-05 2.04660262e-05)
157             	(1.53573117e+00 -2.87457299e-04 -1.47009769e-04)	(9.06727174e-02 -3.46139491e-04 -1.67474339e-04)	(1.44505845e+00 5.86821919e-05 2.04645697e-05)
158             	(1.53529758e+00 -2.80104894e-04 -1.46397502e-04)	(9.06076468e-02 -3.38845736e-04 -1.66863116e-04)	(1.44468994e+00 5.87408417e-05 2.04656133e-05)
159             	(1.53486652e+00 -2.73135047e-04 -1.45851765e-04)	(9.05436350e-02 -3.31938114e-04 -1.66322696e-04)	(1.44432288e+00 5.88030667e-05 2.04709310e-05)
160             	(1.53443782e+00 -2.66331627e-04 -1.45675983e-04)	(9.04807713e-02 -3.25199584e-04 -1.66155275e-04)	(1.44395704e+00 5.88679567e-05 2.04792918e-05)
161             	(1.53401145e+00 -2.59598107e-04 -1.45660229e-04)	(9.04192262e-02 -3.18532255e-04 -1.66148980e-04)	(1.44359222e+00 5.89341485e-05 2.04887507e-05)
162             	(1.53358728e+00 -2.52895382e-04 -1.45579687e-04)	(9.03590525e-02 -3.11895299e-04 -1.66079380e-04)	(1.44322823e+00 5.89999173e-05 2.04996929e-05)
163             	(1.53316509e+00 -2.46607457e-04 -1.45573614e-04)	(9.03001839e-02 -3.05673567e-04 -1.66085096e-04)	(1.44286491e+00 5.90661097e-05 2.05114822e-05)
164             	(1.53274454e+00 -2.40860772e-04 -1.45775093e-04)	(9.02424276e-02 -2.99992619e-04 -1.66297544e-04)	(1.44250211e+00 5.91318468e-05 2.05224509e-05)
165             	(1.53232544e+00 -2.35702121e-04 -1.45933480e-04)	(9.01857099e-02 -2.94898422e-04 -1.66465256e-04)	(1.44213973e+00 5.91963012e-05 2.05317756e-05)
166             	(1.53190765e+00 -2.31036765e-04 -1.46219541e-04)	(9.01299907e-02 -2.90296153e-04 -1.66759764e-04)	(1.44177766e+00 5.92593878e-05 2.05402222e-05)
167             	(1.53149115e+00 -2.26655144e-04 -1.46553734e-04)	(9.00753376e-02 -2.85977378e-04 -1.67102195e-04)	(1.44141581e+00 5.93222344e-05 2.05484611e-05)
168             	(1.53107606e+00 -2.22345960e-04 -1.46979393e-04)	(9.00219351e-02 -2.81731121e-04 -1.67536221e-04)	(1.44105413e+00 5.93851606e-05 2.05568278e-05)
169             	(1.53066239e+00 -2.18187265e-04 -1.47509664e-04)	(8.99698393e-02 -2.77634908e-04 -1.68074132e-04)	(1.44069255e+00 5.94476437e-05 2.05644680e-05)
170             	(1.53024998e+00 -2.14354837e-04 -1.47935956e-04)	(8.99189365e-02 -2.73864410e-04 -1.68505877e-04)	(1.44033104e+00 5.95095729e-05 2.05699209e-05)
171             	(1.52983866e+00 -2.10925837e-04 -1.48218071e-04)	(8.98690779e-02 -2.70496141e-04 -1.68791400e-04)	(1.43996958e+00 5.95703042e-05 2.05733289e-05)
172             	(1.52942834e+00 -2.08040539e-04 -1.48514880e-04)	(8.98201823e-02 -2.67670088e-04 -1.69090146e-04)	(1.43960816e+00 5.96295490e-05 2.05752661e-05)
173             	(1.52901905e+00 -2.05519108e-04 -1.49011163e-04)	(8.97722839e-02 -2.65206127e-04 -1.69587690e-04)	(1.43924677e+00 5.96870187e-05 2.05765268e-05)
174             	(1.52861084e+00 -2.03343200e-04 -1.49451759e-04)	(8.97254251e-02 -2.63086366e-04 -1.70027911e-04)	(1.43888542e+00 5.97431658e-05 2.05761527e-05)
175             	(1.52820379e+00 -2.01286953e-04 -1.49602970e-04)	(8.96796627e-02 -2.61085350e-04 -1.70178431e-04)	(1.43852413e+00 5.97983968e-05 2.05754615e-05)
176             	(1.52779793e+00 -1.99267896e-04 -1.49653166e-04)	(8.96350059e-02 -2.59119508e-04 -1.70228437e-04)	(1.43816292e+00 5.98516128e-05 2.05752714e-05)
177             	(1.52739319e+00 -1.97351261e-04 -1.49900345e-04)	(8.95913504e-02 -2.57254332e-04 -1.70475423e-04)	(1.43780184e+00 5.99030704e-05 2.05750783e-05)
178             	(1.52698962e+00 -1.95896972e-04 -1.50357895e-04)	(8.95487160e-02 -2.55848287e-04 -1.70932513e-04)	(1.43744091e+00 5.99513142e-05 2.05746178e-05)
179             	(1.52658720e+00 -1.94770534e-04 -1.51051629e-04)	(8.95070112e-02 -2.54766152e-04 -1.71625855e-04)	(1.43708019e+00 5.99956178e-05 2.05742264e-05)
180             	(1.52618590e+00 -1.93843542e-04 -1.51763326e-04)	(8.94661694e-02 -2.53879543e-04 -1.72336514e-04)	(1.43671973e+00 6.00360011e-05 2.05731877e-05)
181             	(1.52578576e+00 -1.92837566e-04 -1.52209771e-04)	(8.94261764e-02 -2.52911143e-04 -1.72781732e-04)	(1.43635959e+00 6.00735775e-05 2.05719610e-05)
182             	(1.52538688e+00 -1.91830628e-04 -1.52642768e-04)	(8.93870468e-02 -2.51938255e-04 -1.73212559e-04)	(1.43599983e+00 6.01076266e-05 2.05697917e-05)
183             	(1.52498932e+00 -1.90769859e-04 -1.53177285e-04)	(8.93488005e-02 -2.50908951e-04 -1.73743327e-04)	(1.43564052e+00 6.01390914e-05 2.05660414e-05)
184             	(1.52459314e+00 -1.89880672e-04 -1.53830659e-04)	(8.93114139e-02 -2.50048114e-04 -1.74391434e-04)	(1.43528173e+00 6.01674423e-05 2.05607744e-05)
185             	(1.52419830e+00 -1.89340771e-04 -1.54490778e-04)	(8.92747727e-02 -2.49533004e-04 -1.75044967e-04)	(1.43492353e+00 6.01922331e-05 2.05541885e-05)
186             	(1.52380482e+00 -1.88913421e-04 -1.55044934e-04)	(8.92388286e-02 -2.49127452e-04 -1.75591841e-04)	(1.43456599e+00 6.02140304e-05 2.05469068e-05)
187             	(1.52341277e+00 -1.88443349e-04 -1.55457876e-04)	(8.92035664e-02 -2.48676658e-04 -1.75996887e-04)	(1.43420921e+00 6.02333094e-05 2.05390110e-05)
188             	(1.52302221e+00 -1.87893027e-04 -1.55856278e-04)	(8.91689622e-02 -2.48142801e-04 -1.76387788e-04)	(1.43385325e+00 6.02497747e-05 2.05315103e-05)
189             	(1.52263320e+00 -1.87214824e-04 -1.56335813e-04)	(8.91350006e-02 -2.47478806e-04 -1.76859799e-04)	(1.43349820e+00 6.02639810e-05 2.05239861e-05)
190             	(1.52224583e+00 -1.86615410e-04 -1.56887249e-04)	(8.91016780e-02 -2.46891205e-04 -1.77403298e-04)	(1.43314415e+00 6.02757949e-05 2.05160491e-05)
191             	(1.52186014e+00 -1.86017231e-04 -1.57392742e-04)	(8.90689540e-02 -2.46302517e-04 -1.77900066e-04)	(1.43279119e+00 6.02852865e-05 2.05073236e-05)
192             	(1.52147623e+00 -1.85543925e-04 -1.57798847e-04)	(8.90368342e-02 -2.45836635e-04 -1.78296669e-04)	(1.43243940e+00 6.02927096e-05 2.04978221e-05)
193             	(1.52109421e+00 -1.85405475e-04 -1.58192369e-04)	(8.90053397e-02 -2.45703654e-04 -1.78680533e-04)	(1.43208887e+00 6.02981789e-05 2.04881639e-05)
194             	(1.52071405e+00 -1.85533151e-04 -1.58642616e-04)	(8.89743723e-02 -2.45834284e-04 -1.79120704e-04)	(1.43173968e+00 6.03011330e-05 2.04780884e-05)
195             	(1.52033570e+00 -1.85734560e-04 -1.59177856e-04)	(8.89437685e-02 -2.46035481e-04 -1.79645077e-04)	(1.43139193e+00 6.03009208e-05 2.04672209e-05)
196             	(1.51995916e+00 -1.85773455e-04 -1.59546846e-04)	(8.89134531e-02 -2.46070629e-04 -1.80003378e-04)	(1.43104570e+00 6.02971740e-05 2.04565322e-05)
197             	(1.51958455e+00 -1.85619658e-04 -1.59776516e-04)	(8.88834717e-02 -2.45910162e-04 -1.80222145e-04)	(1.43070108e+00 6.02905041e-05 2.04456291e-05)
198             	(1.51921208e+00 -1.85435880e-04 -1.60023566e-04)	(8.88539380e-02 -2.45716776e-04 -1.80458685e-04)	(1.43035814e+00 6.02808962e-05 2.04351190e-05)
199             	(1.51884182e+00 -1.85316120e-04 -1.60402360e-04)	(8.88248525e-02 -2.45584908e-04 -1.80826723e-04)	(1.43001697e+00 6.02687884e-05 2.04243634e-05)
200             	(1.51847369e+00 -1.85005676e-04 -1.60553007e-04)	(8.87960347e-02 -2.45260334e-04 -1.80966965e-04)	(1.42967766e+00 6.02546586e-05 2.04139572e-05)
201             	(1.51810781e+00 -1.84264425e-04 -1.60506606e-04)	(8.87675315e-02 -2.44502948e-04 -1.80910847e-04)	(1.42934028e+00 6.02385229e-05 2.04042406e-05)
202             	(1.51774434e+00 -1.83353763e-04 -1.60406470e-04)	(8.87394269e-02 -2.43575195e-04 -1.80801761e-04)	(1.42900491e+00 6.02214324e-05 2.03952906e-05)
203             	(1.51738336e+00 -1.82561510e-04 -1.60338306e-04)	(8.87117227e-02 -2.42765466e-04 -1.80725854e-04)	(1.42867164e+00 6.02039565e-05 2.03875476e-05)
204             	(1.51702493e+00 -1.82060435e-04 -1.60396924e-04)	(8.86843877e-02 -2.42246835e-04 -1.80777575e-04)	(1.42834054e+00 6.01864001e-05 2.03806514e-05)
205             	(1.51666898e+00 -1.81798211e-04 -1.60669558e-04)	(8.86573025e-02 -2.41966651e-04 -1.81044172e-04)	(1.42801168e+00 6.01684400e-05 2.03746136e-05)
206             	(1.51631561e+00 -1.81508564e-04 -1.61067892e-04)	(8.86304639e-02 -2.41658193e-04 -1.81436156e-04)	(1.42768515e+00 6.01496287e-05 2.03682643e-05)
207             	(1.51596491e+00 -1.80888497e-04 -1.61532046e-04)	(8.86039104e-02 -2.41018365e-04 -1.81893284e-04)	(1.42736100e+00 6.01298683e-05 2.03612384e-05)
208             	(1.51561699e+00 -1.79836288e-04 -1.62054183e-04)	(8.85776763e-02 -2.39945515e-04 -1.82407342e-04)	(1.42703932e+00 6.01092272e-05 2.03531583e-05)
209             	(1.51527199e+00 -1.78403678e-04 -1.62483776e-04)	(8.85518339e-02 -2.38491836e-04 -1.82827768e-04)	(1.42672016e+00 6.00881573e-05 2.03439918e-05)
210             	(1.51493000e+00 -1.76938902e-04 -1.62629953e-04)	(8.85264059e-02 -2.37005696e-04 -1.82963725e-04)	(1.42640359e+00 6.00667939e-05 2.03337720e-05)
211             	(1.51459105e+00 -1.75708869e-04 -1.62507154e-04)	(8.85013768e-02 -2.35753619e-04 -1.82829854e-04)	(1.42608968e+00 6.00447502e-05 2.03227005e-05)
212             	(1.51425519e+00 -1.74678055e-04 -1.62456309e-04)	(8.84767152e-02 -2.34701131e-04 -1.82767327e-04)	(1.42577848e+00 6.00230763e-05 2.03110184e-05)
213             	(1.51392247e+00 -1.73654058e-04 -1.62650921e-04)	(8.84524243e-02 -2.33655699e-04 -1.82949754e-04)	(1.42547005e+00 6.00016412e-05 2.02988323e-05)
214             	(1.51359297e+00 -1.72381798e-04 -1.63112998e-04)	(8.84285317e-02 -2.32362742e-04 -1.83398386e-04)	(1.42516444e+00 5.99809445e-05 2.02853888e-05)
215             	(1.51326684e+00 -1.70728294e-04 -1.63727788e-04)	(8.84051288e-02 -2.30689058e-04 -1.83999818e-04)	(1.42486171e+00 5.99607649e-05 2.02720300e-05)
216             	(1.51294415e+00 -1.68781471e-04 -1.64411185e-04)	(8.83822522e-02 -2.28723292e-04 -1.84669781e-04)	(1.42456190e+00 5.99418210e-05 2.02585962e-05)
217             	(1.51262502e+00 -1.66630070e-04 -1.64903341e-04)	(8.83599573e-02 -2.26554492e-04 -1.85148424e-04)	(1.42426506e+00 5.99244224e-05 2.02450834e-05)
218             	(1.51230957e+00 -1.64862204e-04 -1.65336838e-04)	(8.83383332e-02 -2.24770846e-04 -1.85567771e-04)	(1.42397123e+00 5.99086411e-05 2.02309327e-05)
219             	(1.51199783e+00 -1.63487131e-04 -1.65801531e-04)	(8.83173679e-02 -2.23380941e-04 -1.86018043e-04)	(1.42368046e+00 5.98938101e-05 2.02165128e-05)
220             	(1.51168979e+00 -1.62303059e-04 -1.66409095e-04)	(8.82969952e-02 -2.22183132e-04 -1.86610744e-04)	(1.42339279e+00 5.98800733e-05 2.02016491e-05)
221             	(1.51138553e+00 -1.61050281e-04 -1.67161577e-04)	(8.82772709e-02 -2.20917719e-04 -1.87348315e-04)	(1.42310826e+00 5.98674372e-05 2.01867382e-05)
222             	(1.51108520e+00 -1.59505307e-04 -1.67986381e-04)	(8.82583097e-02 -2.19360728e-04 -1.88158098e-04)	(1.42282689e+00 5.98554213e-05 2.01717166e-05)
223             	(1.51078895e+00 -1.57656450e-04 -1.68838103e-04)	(8.82402200e-02 -2.17500603e-04 -1.88994386e-04)	(1.42254873e+00 5.98441528e-05 2.01562838e-05)
224             	(1.51049686e+00 -1.55723277e-04 -1.69740328e-04)	(8.82230585e-02 -2.15556664e-04 -1.89880926e-04)	(1.42227380e+00 5.98333864e-05 2.01405984e-05)
225             	(1.51020903e+00 -1.54046400e-04 -1.70637508e-04)	(8.82068900e-02 -2.13869661e-04 -1.90762505e-04)	(1.42200214e+00 5.98232610e-05 2.01249970e-05)
226             	(1.50992561e+00 -1.52718992e-04 -1.71470618e-04)	(8.81918438e-02 -2.12532305e-04 -1.91579362e-04)	(1.42173377e+00 5.98133131e-05 2.01087448e-05)
227             	(1.50964680e+00 -1.51506878e-04 -1.72321610e-04)	(8.81780813e-02 -2.11310174e-04 -1.92413507e-04)	(1.42146872e+00 5.98032966e-05 2.00918968e-05)
228             	(1.50937266e+00 -1.50210465e-04 -1.73315572e-04)	(8.81656528e-02 -2.10003416e-04 -1.93390265e-04)	(1.42120700e+00 5.97929513e-05 2.00746926e-05)
229             	(1.50910326e+00 -1.48675735e-04 -1.74331123e-04)	(8.81546030e-02 -2.08457338e-04 -1.94388292e-04)	(1.42094866e+00 5.97816037e-05 2.00571686e-05)
230             	(1.50883873e+00 -1.46983570e-04 -1.75440282e-04)	(8.81450284e-02 -2.06752273e-04 -1.95479463e-04)	(1.42069370e+00 5.97687034e-05 2.00391805e-05)
231             	(1.50857918e+00 -1.45420390e-04 -1.76670772e-04)	(8.81370334e-02 -2.05174758e-04 -1.96691349e-04)	(1.42044215e+00 5.97543673e-05 2.00205775e-05)
232             	(1.50832475e+00 -1.43979290e-04 -1.77881621e-04)	(8.81307255e-02 -2.03717331e-04 -1.97882559e-04)	(1.42019402e+00 5.97380412e-05 2.00009381e-05)
233             	(1.50807552e+00 -1.42598412e-04 -1.78958133e-04)	(8.81261840e-02 -2.02318498e-04 -1.98938364e-04)	(1.41994934e+00 5.97200862e-05 1.99802309e-05)
234             	(1.50783150e+00 -1.41142654e-04 -1.80019407e-04)	(8.81233947e-02 -2.00843688e-04 -1.99978545e-04)	(1.41970811e+00 5.97010344e-05 1.99591372e-05)
235             	(1.50759285e+00 -1.39713556e-04 -1.81143522e-04)	(8.81224972e-02 -1.99394596e-04 -2.01080742e-04)	(1.41947035e+00 5.96810401e-05 1.99372200e-05)
236             	(1.50735968e+00 -1.38330318e-04 -1.82331464e-04)	(8.81236017e-02 -1.97990387e-04 -2.02245891e-04)	(1.41923607e+00 5.96600688e-05 1.99144268e-05)
237             	(1.50713214e+00 -1.36853510e-04 -1.83512008e-04)	(8.81268425e-02 -1.96491224e-04 -2.03403210e-04)	(1.41900529e+00 5.96377136e-05 1.98912016e-05)
238             	(1.50691034e+00 -1.35302570e-04 -1.84689035e-04)	(8.81323268e-02 -1.94916524e-04 -2.04555992e-04)	(1.41877802e+00 5.96139537e-05 1.98669568e-05)
239             	(1.50669435e+00 -1.33670543e-04 -1.85853297e-04)	(8.81400896e-02 -1.93259352e-04 -2.05695599e-04)	(1.41855426e+00 5.95888093e-05 1.98423026e-05)
240             	(1.50648416e+00 -1.31840698e-04 -1.86970378e-04)	(8.81501386e-02 -1.91402682e-04 -2.06787329e-04)	(1.41833402e+00 5.95619844e-05 1.98169509e-05)
241             	(1.50627982e+00 -1.29681411e-04 -1.88043022e-04)	(8.81625050e-02 -1.89215579e-04 -2.07833314e-04)	(1.41811732e+00 5.95341672e-05 1.97902923e-05)
242             	(1.50608130e+00 -1.27521006e-04 -1.89140244e-04)	(8.81771455e-02 -1.87026340e-04 -2.08903513e-04)	(1.41790415e+00 5.95053344e-05 1.97632687e-05)
243             	(1.50588861e+00 -1.25622186e-04 -1.90197445e-04)	(8.81940817e-02 -1.85098035e-04 -2.09932455e-04)	(1.41769453e+00 5.94758493e-05 1.97350108e-05)
244             	(1.50570179e+00 -1.23760297e-04 -1.91150435e-04)	(8.82133302e-02 -1.83206434e-04 -2.10855919e-04)	(1.41748846e+00 5.94461371e-05 1.97054845e-05)
245             	(1.50552103e+00 -1.21664517e-04 -1.91957116e-04)	(8.82350905e-02 -1.81080063e-04 -2.11632250e-04)	(1.41728594e+00 5.94155460e-05 1.96751339e-05)
246             	(1.50534639e+00 -1.19211715e-04 -1.92597360e-04)	(8.82594166e-02 -1.78596383e-04 -2.12241484e-04)	(1.41708697e+00 5.93846676e-05 1.96441240e-05)
247             	(1.50517768e+00 -1.16417398e-04 -1.93110730e-04)	(8.82861223e-02 -1.75770327e-04 -2.12723078e-04)	(1.41689156e+00 5.93529282e-05 1.96123481e-05)
248             	(1.50501468e+00 -1.13478816e-04 -1.93587920e-04)	(8.83149807e-02 -1.72800034e-04 -2.13168298e-04)	(1.41669970e+00 5.93212180e-05 1.95803781e-05)
249             	(1.50485728e+00 -1.10550833e-04 -1.94003464e-04)	(8.83458795e-02 -1.69839713e-04 -2.13550952e-04)	(1.41651140e+00 5.92888797e-05 1.95474885e-05)
250             	(1.50470549e+00 -1.07637193e-04 -1.94325056e-04)	(8.83788472e-02 -1.66893397e-04 -2.13839003e-04)	(1.41632664e+00 5.92562044e-05 1.95139471e-05)
251             	(1.50455939e+00 -1.04653934e-04 -1.94495107e-04)	(8.84139623e-02 -1.63877900e-04 -2.13974961e-04)	(1.41614543e+00 5.92239658e-05 1.94798532e-05)
252             	(1.50441900e+00 -1.01546364e-04 -1.94405170e-04)	(8.84512478e-02 -1.60738999e-04 -2.13850172e-04)	(1.41596776e+00 5.91926343e-05 1.94450021e-05)
253             	(1.50428424e+00 -9.81090923e-05 -1.94098636e-04)	(8.84906235e-02 -1.57271239e-04 -2.13508466e-04)	(1.41579361e+00 5.91621466e-05 1.94098307e-05)
254             	(1.50415489e+00 -9.43395945e-05 -1.93703739e-04)	(8.85318923e-02 -1.53472536e-04 -2.13078512e-04)	(1.41562299e+00 5.91329417e-05 1.93747729e-05)
255             	(1.50403070e+00 -9.04630161e-05 -1.93221788e-04)	(8.85748146e-02 -1.49570378e-04 -2.12561947e-04)	(1.41545589e+00 5.91073618e-05 1.93401592e-05)
256             	(1.50391149e+00 -8.66994429e-05 -1.92581600e-04)	(8.86192121e-02 -1.45783649e-04 -2.11887438e-04)	(1.41529228e+00 5.90842063e-05 1.93058386e-05)
257             	(1.50379713e+00 -8.31043406e-05 -1.91752400e-04)	(8.86649734e-02 -1.42167486e-04 -2.11025113e-04)	(1.41513215e+00 5.90631455e-05 1.92727123e-05)
258             	(1.50368754e+00 -7.95578312e-05 -1.90775942e-04)	(8.87120493e-02 -1.38603427e-04 -2.10016387e-04)	(1.41497549e+00 5.90455960e-05 1.92404448e-05)
259             	(1.50358265e+00 -7.56695576e-05 -1.89650529e-04)	(8.87603798e-02 -1.34700189e-04 -2.08858845e-04)	(1.41482227e+00 5.90306317e-05 1.92083161e-05)
260             	(1.50348231e+00 -7.13980016e-05 -1.88262790e-04)	(8.88098393e-02 -1.30416615e-04 -2.07439641e-04)	(1.41467247e+00 5.90186137e-05 1.91768512e-05)
261             	(1.50338633e+00 -6.70294713e-05 -1.86549730e-04)	(8.88602712e-02 -1.26039763e-04 -2.05694962e-04)	(1.41452606e+00 5.90102917e-05 1.91452321e-05)
262             	(1.50329460e+00 -6.29610770e-05 -1.84530614e-04)	(8.89115856e-02 -1.21966539e-04 -2.03644751e-04)	(1.41438301e+00 5.90054619e-05 1.91141378e-05)
263             	(1.50320683e+00 -5.90930622e-05 -1.82316403e-04)	(8.89635184e-02 -1.18096884e-04 -2.01400752e-04)	(1.41424331e+00 5.90038215e-05 1.90843488e-05)
264             	(1.50312260e+00 -5.52407443e-05 -1.79963434e-04)	(8.90156976e-02 -1.14245878e-04 -1.99019741e-04)	(1.41410690e+00 5.90051342e-05 1.90563070e-05)
265             	(1.50304160e+00 -5.11954047e-05 -1.77393107e-04)	(8.90678313e-02 -1.10205017e-04 -1.96422523e-04)	(1.41397377e+00 5.90096119e-05 1.90294161e-05)
266             	(1.50296369e+00 -4.68791094e-05 -1.74549448e-04)	(8.91198342e-02 -1.05897307e-04 -1.93552704e-04)	(1.41384386e+00 5.90181980e-05 1.90032559e-05)
267             	(1.50288883e+00 -4.23171465e-05 -1.71544104e-04)	(8.91716869e-02 -1.01348162e-04 -1.90522812e-04)	(1.41371714e+00 5.90310154e-05 1.89787074e-05)
268             	(1.50281686e+00 -3.76529768e-05 -1.68340686e-04)	(8.92232992e-02 -9.67006724e-05 -1.87295807e-04)	(1.41359356e+00 5.90476956e-05 1.89551210e-05)
269             	(1.50274764e+00 -3.30915689e-05 -1.64833607e-04)	(8.92745522e-02 -9.21600959e-05 -1.83766823e-04)	(1.41347309e+00 5.90685270e-05 1.89332161e-05)
270             	(1.50268089e+00 -2.87129134e-05 -1.61063499e-04)	(8.93252273e-02 -8.78060485e-05 -1.79976797e-04)	(1.41335566e+00 5.90931351e-05 1.89132983e-05)
271             	(1.50261633e+00 -2.45052531e-05 -1.57033535e-04)	(8.93750932e-02 -8.36267074e-05 -1.75929110e-04)	(1.41324123e+00 5.91214543e-05 1.88955750e-05)
272             	(1.50255371e+00 -2.02306843e-05 -1.52747780e-04)	(8.94239517e-02 -7.93854615e-05 -1.71627273e-04)	(1.41312976e+00 5.91547772e-05 1.88794929e-05)
273             	(1.50249283e+00 -1.56821895e-05 -1.48281996e-04)	(8.94716505e-02 -7.48756132e-05 -1.67147470e-04)	(1.41302118e+00 5.91934237e-05 1.88654740e-05)
274             	(1.50243352e+00 -1.09215274e-05 -1.43541464e-04)	(8.95180785e-02 -7.01575474e-05 -1.62396478e-04)	(1.41291544e+00 5.92360200e-05 1.88550134e-05)
275             	(1.50237563e+00 -6.07205727e-06 -1.38511953e-04)	(8.95631553e-02 -6.53543022e-05 -1.57358639e-04)	(1.41281248e+00 5.92822449e-05 1.88466859e-05)
276             	(1.50231901e+00 -1.23739673e-06 -1.33275826e-04)	(8.96067827e-02 -6.05693877e-05 -1.52116099e-04)	(1.41271223e+00 5.93319910e-05 1.88402728e-05)
277             	(1.50226347e+00 3.59739979e-06 -1.27956274e-04)	(8.96488495e-02 -5.57876315e-05 -1.46793232e-04)	(1.41261462e+00 5.93850313e-05 1.88369585e-05)
278             	(1.50220879e+00 8.38860931e-06 -1.22556305e-04)	(8.96891810e-02 -5.10528889e-05 -1.41392272e-04)	(1.41251960e+00 5.94414982e-05 1.88359669e-05)
279             	(1.50215476e+00 1.31150804e-05 -1.16940463e-04)	(8.97276652e-02 -4.63858838e-05 -1.35778075e-04)	(1.41242710e+00 5.95009643e-05 1.88376125e-05)
280             	(1.50210131e+00 1.78516370e-05 -1.10929769e-04)	(8.97642646e-02 -4.17113723e-05 -1.29772143e-04)	(1.41233704e+00 5.95630094e-05 1.88423735e-05)
281             	(1.50204830e+00 2.26352309e-05 -1.04730240e-04)	(8.97989374e-02 -3.69916598e-05 -1.23580649e-04)	(1.41224936e+00 5.96268907e-05 1.88504093e-05)
282             	(1.50199561e+00 2.74200682e-05 -9.85154306e-05)	(8.98316154e-02 -3.22734490e-05 -1.17377426e-04)	(1.41216399e+00 5.96935172e-05 1.88619951e-05)
283             	(1.50194309e+00 3.21974663e-05 -9.23356216e-05)	(8.98622316e-02 -2.75647293e-05 -1.11213063e-04)	(1.41208086e+00 5.97621956e-05 1.88774411e-05)
284             	(1.50189060e+00 3.69169485e-05 -8.62071234e-05)	(8.98907117e-02 -2.29152576e-05 -1.05103325e-04)	(1.41199988e+00 5.98322061e-05 1.88962018e-05)
285             	(1.50183809e+00 4.15193390e-05 -8.00843008e-05)	(8.99170817e-02 -1.83841790e-05 -9.90024023e-05)	(1.41192100e+00 5.99035180e-05 1.89181016e-05)
286             	(1.50178550e+00 4.61152322e-05 -7.38229374e-05)	(8.99413660e-02 -1.38608227e-05 -9.27665620e-05)	(1.41184414e+00 5.99760549e-05 1.89436246e-05)
287             	(1.50173277e+00 5.08179397e-05 -6.73759800e-05)	(8.99635568e-02 -9.23132831e-06 -8.63484123e-05)	(1.41176922e+00 6.00492680e-05 1.89724323e-05)
288             	(1.50167980e+00 5.56445201e-05 -6.08138164e-05)	(8.99836295e-02 -4.47842969e-06 -7.98184086e-05)	(1.41169617e+00 6.01229498e-05 1.90045922e-05)
289             	(1.50162649e+00 6.04955745e-05 -5.42039541e-05)	(9.00015774e-02 2.98757561e-07 -7.32438858e-05)	(1.41162491e+00 6.01968169e-05 1.90399317e-05)
290             	(1.50157281e+00 6.52912547e-05 -4.76274665e-05)	(9.00174200e-02 5.02053316e-06 -6.67056596e-05)	(1.41155539e+00 6.02707215e-05 1.90781931e-05)
291             	(1.50151869e+00 6.99458552e-05 -4.11439358e-05)	(9.00311718e-02 9.60136480e-06 -6.02632728e-05)	(1.41148751e+00 6.03444904e-05 1.91193370e-05)
292             	(1.50146411e+00 7.43669510e-05 -3.48467812e-05)	(9.00428806e-02 1.39485773e-05 -5.40103534e-05)	(1.41142123e+00 6.04183737e-05 1.91635723e-05)
293             	(1.50140907e+00 7.86655852e-05 -2.87469127e-05)	(9.00526134e-02 1.81734352e-05 -4.79577204e-05)	(1.41135645e+00 6.04921500e-05 1.92108077e-05)
294             	(1.50135355e+00 8.29900011e-05 -2.28174796e-05)	(9.00604263e-02 2.24241334e-05 -4.20785135e-05)	(1.41129313e+00 6.05658677e-05 1.92610339e-05)
295             	(1.50129755e+00 8.73080530e-05 -1.69630000e-05)	(9.00663701e-02 2.66686472e-05 -3.62773262e-05)	(1.41123118e+00 6.06394058e-05 1.93143262e-05)
296             	(1.50124103e+00 9.15891254e-05 -1.12707635e-05)	(9.00704800e-02 3.08769463e-05 -3.06414180e-05)	(1.41117055e+00 6.07121791e-05 1.93706545e-05)
297             	(1.50118397e+00 9.58381510e-05 -5.79004770e-06)	(9.00728033e-02 3.50538894e-05 -2.52199976e-05)	(1.41111116e+00 6.07842616e-05 1.94299499e-05)
298             	(1.50112640e+00 9.99549440e-05 -5.51596216e-07)	(9.00734336e-02 3.90998552e-05 -2.00430510e-05)	(1.41105297e+00 6.08550888e-05 1.94914548e-05)
299             	(1.50106838e+00 1.03847453e-04 4.49363708e-06)	(9.00724877e-02 4.29228403e-05 -1.50618981e-05)	(1.41099589e+00 6.09246129e-05 1.95555352e-05)
300             	(1.50101000e+00 1.07502781e-04 9.37136431e-06)	(9.00701131e-02 4.65094184e-05 -1.02504795e-05)	(1.41093988e+00 6.09933623e-05 1.96218438e-05)
301             	(1.50095132e+00 1.10985617e-04 1.39932896e-05)	(9.00664412e-02 4.99242812e-05 -5.69722790e-06)	(1.41088488e+00 6.10613354e-05 1.96905175e-05)
302             	(1.50089244e+00 1.14283673e-04 1.82565755e-05)	(9.00616040e-02 5.31551040e-05 -1.50475831e-06)	(1.41083083e+00 6.11285693e-05 1.97613338e-05)
303             	(1.50083339e+00 1.17400070e-04 2.21542055e-05)	(9.00557076e-02 5.62050963e-05 2.32010074e-06)	(1.41077768e+00 6.11949740e-05 1.98341047e-05)
304             	(1.50077424e+00 1.20342905e-04 2.57564735e-05)	(9.00488635e-02 5.90822813e-05 5.84797979e-06)	(1.41072538e+00 6.12606234e-05 1.99084938e-05)
305             	(1.50071507e+00 1.23091755e-04 2.91169468e-05)	(9.00411919e-02 6.17664157e-05 9.13258113e-06)	(1.41067388e+00 6.13253391e-05 1.99843657e-05)
306             	(1.50065597e+00 1.25615072e-04 3.22239510e-05)	(9.00328355e-02 6.42260180e-05 1.21624367e-05)	(1.41062313e+00 6.13890543e-05 2.00615143e-05)
307             	(1.50059704e+00 1.27975531e-04 3.50445020e-05)	(9.00239441e-02 6.65239704e-05 1.49045614e-05)	(1.41057309e+00 6.14515602e-05 2.01399406e-05)
308             	(1.50053838e+00 1.30219441e-04 3.75440496e-05)	(9.00146552e-02 6.87063813e-05 1.73247898e-05)	(1.41052373e+00 6.15130597e-05 2.02192598e-05)
309             	(1.50048011e+00 1.32298198e-04 3.97125996e-05)	(9.00051161e-02 7.07247392e-05 1.94134472e-05)	(1.41047500e+00 6.15734585e-05 2.02991523e-05)
310             	(1.50042231e+00 1.34193396e-04 4.15525126e-05)	(8.99954462e-02 7.25607325e-05 2.11730294e-05)	(1.41042686e+00 6.16326634e-05 2.03794832e-05)
311             	(1.50036505e+00 1.35874640e-04 4.30464893e-05)	(8.99857674e-02 7.41839823e-05 2.25865297e-05)	(1.41037929e+00 6.16906578e-05 2.04599596e-05)
312             	(1.50030847e+00 1.37348638e-04 4.42095361e-05)	(8.99762245e-02 7.56014350e-05 2.36691346e-05)	(1.41033224e+00 6.17472031e-05 2.05404015e-05)
313             	(1.50025266e+00 1.38657907e-04 4.50327145e-05)	(8.99669580e-02 7.68548902e-05 2.44119770e-05)	(1.41028570e+00 6.18030165e-05 2.06207375e-05)
314             	(1.50019774e+00 1.39809737e-04 4.55434945e-05)	(8.99581080e-02 7.79516589e-05 2.48427492e-05)	(1.41023964e+00 6.18580777e-05 2.07007453e-05)
315             	(1.50014381e+00 1.40852766e-04 4.57798062e-05)	(8.99497941e-02 7.89407541e-05 2.49995861e-05)	(1.41019402e+00 6.19120118e-05 2.07802201e-05)
316             	(1.50009095e+00 1.41838757e-04 4.57705951e-05)	(8.99421350e-02 7.98737402e-05 2.49116346e-05)	(1.41014882e+00 6.19650169e-05 2.08589605e-05)
317             	(1.50003927e+00 1.42718457e-04 4.55102109e-05)	(8.99352432e-02 8.07013869e-05 2.45734207e-05)	(1.41010403e+00 6.20170704e-05 2.09367902e-05)
318             	(1.49998883e+00 1.43464689e-04 4.49749998e-05)	(8.99292143e-02 8.13966146e-05 2.39615173e-05)	(1.41005962e+00 6.20680743e-05 2.10134825e-05)
319             	(1.49993972e+00 1.44107526e-04 4.41687771e-05)	(8.99241459e-02 8.19893172e-05 2.30799723e-05)	(1.41001557e+00 6.21182087e-05 2.10888048e-05)
