# Moment        
# CofR          : (0.00000000e+00 0.00000000e+00 0.00000000e+00)
#
# Time          	(total_x total_y total_z)	(pressure_x pressure_y pressure_z)	(viscous_x viscous_y viscous_z)
1               	(-7.55756074e-08 -3.87055227e-02 -8.22719543e-02)	(-7.97355286e-08 -3.86936949e-02 -8.22591711e-02)	(4.15992129e-09 -1.18278272e-05 -1.27832506e-05)
2               	(1.63498249e-08 -2.70865482e-02 -7.03841060e-02)	(-7.23527818e-09 -2.70544482e-02 -7.04003538e-02)	(2.35851031e-08 -3.20999408e-05 1.62478515e-05)
3               	(1.91704253e-07 2.27551005e-03 -1.19852670e-02)	(1.42382546e-07 2.30788231e-03 -1.20173459e-02)	(4.93217070e-08 -3.23722542e-05 3.20788499e-05)
4               	(2.24008858e-07 2.18983964e-02 3.72205007e-02)	(1.57212007e-07 2.19125344e-02 3.71814136e-02)	(6.67968515e-08 -1.41379863e-05 3.90870940e-05)
5               	(1.22132895e-07 2.00143760e-02 4.53429668e-02)	(5.26301886e-08 2.00082606e-02 4.53039279e-02)	(6.95027059e-08 6.11542577e-06 3.90388781e-05)
6               	(7.68286922e-09 4.12182999e-03 2.00652954e-02)	(-3.82150764e-08 4.10337438e-03 2.00305193e-02)	(4.58979456e-08 1.84556056e-05 3.47760819e-05)
7               	(-1.23797154e-08 -1.05149545e-02 -1.20612149e-02)	(-4.46845818e-08 -1.05322557e-02 -1.20874312e-02)	(3.23048664e-08 1.73012273e-05 2.62163219e-05)
8               	(8.00699849e-08 -1.33332530e-02 -2.51946403e-02)	(4.48415875e-08 -1.33421972e-02 -2.52121663e-02)	(3.52283974e-08 8.94413668e-06 1.75259289e-05)
9               	(2.35680308e-07 -5.28394965e-03 -1.54135273e-02)	(1.90022996e-07 -5.28669238e-03 -1.54267864e-02)	(4.56573118e-08 2.74273440e-06 1.32591013e-05)
10              	(3.53082069e-07 4.59703125e-03 3.26413843e-03)	(3.06748812e-07 4.59392742e-03 3.24686676e-03)	(4.63332573e-08 3.10383018e-06 1.72716624e-05)
11              	(3.23546969e-07 8.41954986e-03 1.48103367e-02)	(2.70497394e-07 8.41103754e-03 1.47845091e-02)	(5.30495755e-08 8.51231591e-06 2.58275908e-05)
12              	(1.93187276e-07 5.18567366e-03 1.32252929e-02)	(1.35361243e-07 5.17150995e-03 1.31933045e-02)	(5.78260332e-08 1.41637141e-05 3.19884680e-05)
13              	(4.83314695e-08 -7.31159629e-04 3.78561332e-03)	(-1.43080320e-08 -7.48079235e-04 3.75356538e-03)	(6.26395015e-08 1.69196061e-05 3.20479423e-05)
14              	(-1.96235021e-08 -4.44386412e-03 -4.42171500e-03)	(-8.32880706e-08 -4.46068870e-03 -4.44842906e-03)	(6.36645685e-08 1.68245872e-05 2.67140635e-05)
15              	(1.33366657e-08 -3.94693979e-03 -6.02434159e-03)	(-5.75045864e-08 -3.96240386e-03 -6.04492952e-03)	(7.08412521e-08 1.54640757e-05 2.05879232e-05)
16              	(1.17712289e-07 -7.87581342e-04 -2.11595177e-03)	(4.48723068e-08 -8.03001810e-04 -2.13331625e-03)	(7.28399826e-08 1.54204680e-05 1.73644719e-05)
17              	(2.19549775e-07 1.73160074e-03 2.77780429e-03)	(1.47057398e-07 1.71467511e-03 2.75951014e-03)	(7.24923770e-08 1.69256288e-05 1.82941458e-05)
18              	(2.76090503e-07 2.03136374e-03 4.73743970e-03)	(2.03212500e-07 2.01273811e-03 4.71634597e-03)	(7.28780025e-08 1.86256283e-05 2.10937368e-05)
19              	(2.68000629e-07 5.97427959e-04 3.17977609e-03)	(1.94956178e-07 5.77975502e-04 3.15727820e-03)	(7.30444508e-08 1.94524571e-05 2.24978945e-05)
20              	(2.18626856e-07 -9.97901093e-04 4.63957071e-04)	(1.45855095e-07 -1.01714560e-03 4.42873835e-04)	(7.27717607e-08 1.92445061e-05 2.10832362e-05)
21              	(1.68046549e-07 -1.58892563e-03 -1.22737775e-03)	(9.58613482e-08 -1.60777427e-03 -1.24502775e-03)	(7.21852006e-08 1.88486349e-05 1.76499981e-05)
22              	(1.37156554e-07 -9.90089662e-04 -9.07770061e-04)	(6.47062206e-08 -1.00905322e-03 -9.22240739e-04)	(7.24503339e-08 1.89635605e-05 1.44706775e-05)
23              	(1.32076376e-07 -4.78177935e-05 4.72307438e-04)	(6.03551383e-08 -6.76136544e-05 4.59258796e-04)	(7.17212380e-08 1.97958609e-05 1.30486419e-05)
24              	(1.40007412e-07 4.26714947e-04 1.64412894e-03)	(6.84006033e-08 4.05818389e-04 1.63077229e-03)	(7.16068083e-08 2.08965578e-05 1.33566518e-05)
25              	(1.48342175e-07 2.32267283e-04 1.56159838e-03)	(7.73017982e-08 2.10641570e-04 1.54738817e-03)	(7.10403771e-08 2.16257130e-05 1.42102141e-05)
26              	(1.44755128e-07 -2.98321945e-04 5.67427031e-04)	(7.45575350e-08 -3.20054685e-04 5.53072228e-04)	(7.01975934e-08 2.17327399e-05 1.43548032e-05)
27              	(1.34400006e-07 -7.17420398e-04 -4.29338849e-04)	(6.47736218e-08 -7.38860293e-04 -4.42673846e-04)	(6.96263844e-08 2.14398951e-05 1.33349974e-05)
28              	(1.19286433e-07 -7.95365200e-04 -7.55168013e-04)	(5.00739598e-08 -8.16541263e-04 -7.66782430e-04)	(6.92124737e-08 2.11760631e-05 1.16144167e-05)
29              	(1.09630019e-07 -5.26296758e-04 -3.60820215e-04)	(4.07134221e-08 -5.47512725e-04 -3.70842552e-04)	(6.89165970e-08 2.12159672e-05 1.00223370e-05)
30              	(1.05955117e-07 -1.75346500e-04 2.90002397e-04)	(3.75535776e-08 -1.96914524e-04 2.80892025e-04)	(6.84015395e-08 2.15680233e-05 9.11037184e-06)
31              	(1.13566676e-07 -1.28106800e-05 6.33286700e-04)	(4.52115593e-08 -3.47602807e-05 6.24472032e-04)	(6.83551171e-08 2.19496007e-05 8.81466840e-06)
32              	(1.25369464e-07 -9.81708503e-05 4.75656605e-04)	(5.67581197e-08 -1.20232296e-04 4.67028771e-04)	(6.86113445e-08 2.20614456e-05 8.62783394e-06)
33              	(1.32474157e-07 -2.94915636e-04 -1.77385214e-05)	(6.26149360e-08 -3.16733318e-04 -2.57766280e-05)	(6.98592206e-08 2.18176818e-05 8.03810653e-06)
34              	(1.34649254e-07 -4.47266145e-04 -3.91217829e-04)	(6.32188585e-08 -4.68639220e-04 -3.98178024e-04)	(7.14303950e-08 2.13730747e-05 6.96019487e-06)
35              	(1.33728236e-07 -4.64109422e-04 -4.66574315e-04)	(6.05179603e-08 -4.85054947e-04 -4.72299836e-04)	(7.32102756e-08 2.09455258e-05 5.72552108e-06)
36              	(1.32420519e-07 -3.92222711e-04 -2.80517856e-04)	(5.69378623e-08 -4.12917014e-04 -2.85206891e-04)	(7.54826571e-08 2.06943026e-05 4.68903549e-06)
37              	(1.32863563e-07 -3.07422597e-04 -3.28779150e-05)	(5.47503153e-08 -3.28038055e-04 -3.68697336e-05)	(7.81132478e-08 2.06154576e-05 3.99181856e-06)
38              	(1.40592399e-07 -2.53244796e-04 9.23134450e-05)	(5.95354349e-08 -2.73845010e-04 8.87655909e-05)	(8.10569639e-08 2.06002144e-05 3.54785412e-06)
39              	(1.50128089e-07 -2.45658070e-04 4.67250732e-05)	(6.60174943e-08 -2.66187357e-04 4.35617730e-05)	(8.41105944e-08 2.05292870e-05 3.16330015e-06)
40              	(1.56570323e-07 -2.62970356e-04 -9.17344121e-05)	(6.94256569e-08 -2.83299130e-04 -9.43968102e-05)	(8.71446659e-08 2.03287736e-05 2.66239803e-06)
41              	(1.59408840e-07 -2.82975485e-04 -2.23841268e-04)	(6.90024732e-08 -3.03014128e-04 -2.25856546e-04)	(9.04063669e-08 2.00386430e-05 2.01527874e-06)
42              	(1.58285520e-07 -2.97534035e-04 -2.74253999e-04)	(6.56433421e-08 -3.17285328e-04 -2.75573068e-04)	(9.26421775e-08 1.97512937e-05 1.31906863e-06)
43              	(1.56458921e-07 -2.94651867e-04 -2.24336887e-04)	(6.27493904e-08 -3.14204449e-04 -2.25060221e-04)	(9.37095304e-08 1.95525827e-05 7.23333995e-07)
44              	(1.56087997e-07 -2.81854625e-04 -1.27412363e-04)	(6.20091322e-08 -3.01291194e-04 -1.27689944e-04)	(9.40788648e-08 1.94365690e-05 2.77580858e-07)
45              	(1.55595739e-07 -2.63524132e-04 -6.59176119e-05)	(6.16028534e-08 -2.82894884e-04 -6.58907466e-05)	(9.39928851e-08 1.93707523e-05 -2.68653076e-08)
46              	(1.55792205e-07 -2.50630369e-04 -7.06210925e-05)	(6.20578320e-08 -2.69930794e-04 -7.03614190e-05)	(9.37343733e-08 1.93004248e-05 -2.59673565e-07)
47              	(1.57521617e-07 -2.35623036e-04 -1.07365666e-04)	(6.44616728e-08 -2.54827001e-04 -1.06866049e-04)	(9.30599441e-08 1.92039650e-05 -4.99617499e-07)
48              	(1.59045573e-07 -2.23150048e-04 -1.40949483e-04)	(6.71727203e-08 -2.42240775e-04 -1.40161960e-04)	(9.18728529e-08 1.90907269e-05 -7.87523436e-07)
49              	(1.60574698e-07 -2.16370188e-04 -1.46979842e-04)	(6.98794697e-08 -2.35323172e-04 -1.45881429e-04)	(9.06952285e-08 1.89529844e-05 -1.09841313e-06)
50              	(1.61529621e-07 -2.12981246e-04 -1.27495178e-04)	(7.14710788e-08 -2.31801934e-04 -1.26089391e-04)	(9.00585417e-08 1.88206874e-05 -1.40578733e-06)
51              	(1.61414527e-07 -2.09927933e-04 -9.54743497e-05)	(7.17051845e-08 -2.28628177e-04 -9.38059373e-05)	(8.97093423e-08 1.87002437e-05 -1.66841232e-06)
52              	(1.60766541e-07 -2.06824686e-04 -7.62396885e-05)	(7.13844550e-08 -2.25398428e-04 -7.43553851e-05)	(8.93820863e-08 1.85737422e-05 -1.88430340e-06)
53              	(1.61025754e-07 -2.03743709e-04 -7.56207803e-05)	(7.18479838e-08 -2.22187949e-04 -7.35232000e-05)	(8.91777698e-08 1.84442404e-05 -2.09758028e-06)
54              	(1.63218391e-07 -2.01240099e-04 -8.39998571e-05)	(7.41714740e-08 -2.19530358e-04 -8.16801660e-05)	(8.90469167e-08 1.82902584e-05 -2.31969110e-06)
55              	(1.66401027e-07 -1.96829494e-04 -8.93967556e-05)	(7.72138189e-08 -2.14935506e-04 -8.68388273e-05)	(8.91872078e-08 1.81060118e-05 -2.55792830e-06)
56              	(1.69606505e-07 -1.91121108e-04 -9.09837703e-05)	(7.99278095e-08 -2.09031610e-04 -8.81747863e-05)	(8.96786955e-08 1.79105015e-05 -2.80898393e-06)
57              	(1.71875837e-07 -1.84820511e-04 -8.95152285e-05)	(8.18062994e-08 -2.02546524e-04 -8.64706538e-05)	(9.00695378e-08 1.77260124e-05 -3.04457465e-06)
58              	(1.73219585e-07 -1.79165131e-04 -8.99685953e-05)	(8.26710460e-08 -1.96697891e-04 -8.66972209e-05)	(9.05485395e-08 1.75327606e-05 -3.27137436e-06)
59              	(1.73970313e-07 -1.74453671e-04 -9.61762090e-05)	(8.27481922e-08 -1.91786689e-04 -9.26935097e-05)	(9.12221206e-08 1.73330179e-05 -3.48269933e-06)
60              	(1.74437292e-07 -1.70794653e-04 -1.06741015e-04)	(8.26053660e-08 -1.87923907e-04 -1.03051044e-04)	(9.18319265e-08 1.71292541e-05 -3.68997045e-06)
61              	(1.75633516e-07 -1.68566366e-04 -1.17646010e-04)	(8.31629900e-08 -1.85500180e-04 -1.13741428e-04)	(9.24705258e-08 1.69338140e-05 -3.90458285e-06)
62              	(1.77492236e-07 -1.68160221e-04 -1.25543946e-04)	(8.44827839e-08 -1.84910616e-04 -1.21420558e-04)	(9.30094521e-08 1.67503946e-05 -4.12338745e-06)
63              	(1.79918671e-07 -1.67215034e-04 -1.29909330e-04)	(8.63968990e-08 -1.83754209e-04 -1.25582398e-04)	(9.35217723e-08 1.65391753e-05 -4.32693221e-06)
64              	(1.82508659e-07 -1.65048611e-04 -1.32481464e-04)	(8.83382970e-08 -1.81371546e-04 -1.27954912e-04)	(9.41703623e-08 1.63229346e-05 -4.52655214e-06)
65              	(1.84583652e-07 -1.62415270e-04 -1.36359144e-04)	(8.97567383e-08 -1.78526167e-04 -1.31633757e-04)	(9.48269132e-08 1.61108963e-05 -4.72538662e-06)
66              	(1.85771587e-07 -1.59882066e-04 -1.41636375e-04)	(9.03773185e-08 -1.75780706e-04 -1.36714365e-04)	(9.53942688e-08 1.58986399e-05 -4.92201017e-06)
67              	(1.86415914e-07 -1.58128759e-04 -1.47127122e-04)	(9.03678628e-08 -1.73828529e-04 -1.42035041e-04)	(9.60480514e-08 1.56997696e-05 -5.09208059e-06)
68              	(1.86880456e-07 -1.57339063e-04 -1.51244956e-04)	(9.01034060e-08 -1.72854599e-04 -1.45996844e-04)	(9.67770501e-08 1.55155361e-05 -5.24811191e-06)
69              	(1.87524543e-07 -1.57583825e-04 -1.53256055e-04)	(9.00532017e-08 -1.72928716e-04 -1.47865079e-04)	(9.74713409e-08 1.53448913e-05 -5.39097541e-06)
70              	(1.88481332e-07 -1.57503583e-04 -1.54663337e-04)	(9.04282181e-08 -1.72688084e-04 -1.49156885e-04)	(9.80531143e-08 1.51845010e-05 -5.50645196e-06)
71              	(1.89802728e-07 -1.56169283e-04 -1.56415436e-04)	(9.11511635e-08 -1.71183754e-04 -1.50801641e-04)	(9.86515650e-08 1.50144704e-05 -5.61379488e-06)
72              	(1.91687395e-07 -1.54075857e-04 -1.57619086e-04)	(9.20860163e-08 -1.68909225e-04 -1.51910668e-04)	(9.96013790e-08 1.48333684e-05 -5.70841839e-06)
73              	(1.93789511e-07 -1.52481052e-04 -1.58366130e-04)	(9.30826737e-08 -1.67135333e-04 -1.52565905e-04)	(1.00706838e-07 1.46542813e-05 -5.80022566e-06)
74              	(1.95716807e-07 -1.51916522e-04 -1.58467828e-04)	(9.39952490e-08 -1.66390800e-04 -1.52584703e-04)	(1.01721558e-07 1.44742778e-05 -5.88312550e-06)
75              	(1.97425266e-07 -1.51816855e-04 -1.57701404e-04)	(9.47090354e-08 -1.66127865e-04 -1.51757149e-04)	(1.02716231e-07 1.43110098e-05 -5.94425501e-06)
76              	(1.98612253e-07 -1.51394249e-04 -1.56733267e-04)	(9.52163273e-08 -1.65543251e-04 -1.50737428e-04)	(1.03395926e-07 1.41490023e-05 -5.99583909e-06)
77              	(1.99455736e-07 -1.50596627e-04 -1.56167799e-04)	(9.55691533e-08 -1.64585605e-04 -1.50124915e-04)	(1.03886582e-07 1.39889784e-05 -6.04288317e-06)
78              	(2.00053773e-07 -1.49551441e-04 -1.56345991e-04)	(9.58291954e-08 -1.63375608e-04 -1.50258295e-04)	(1.04224578e-07 1.38241671e-05 -6.08769646e-06)
79              	(2.00630088e-07 -1.48359349e-04 -1.56973162e-04)	(9.60798416e-08 -1.62011085e-04 -1.50839757e-04)	(1.04550246e-07 1.36517365e-05 -6.13340483e-06)
80              	(2.01254231e-07 -1.47237104e-04 -1.57987001e-04)	(9.63825469e-08 -1.60709360e-04 -1.51807090e-04)	(1.04871684e-07 1.34722565e-05 -6.17991131e-06)
81              	(2.01810100e-07 -1.46157128e-04 -1.59727262e-04)	(9.67393786e-08 -1.59456456e-04 -1.53499651e-04)	(1.05070722e-07 1.32993287e-05 -6.22761128e-06)
82              	(2.02350388e-07 -1.45120052e-04 -1.61813340e-04)	(9.71057114e-08 -1.58241706e-04 -1.55537791e-04)	(1.05244676e-07 1.31216541e-05 -6.27554854e-06)
83              	(2.02927553e-07 -1.44401096e-04 -1.63708758e-04)	(9.73934949e-08 -1.57359946e-04 -1.57389731e-04)	(1.05534058e-07 1.29588493e-05 -6.31902619e-06)
84              	(2.03483031e-07 -1.43776943e-04 -1.65539238e-04)	(9.75726938e-08 -1.56579037e-04 -1.59169930e-04)	(1.05910338e-07 1.28020940e-05 -6.36930818e-06)
85              	(2.04018987e-07 -1.42731455e-04 -1.67323142e-04)	(9.76749380e-08 -1.55377037e-04 -1.60890226e-04)	(1.06344049e-07 1.26455821e-05 -6.43291615e-06)
86              	(2.04506415e-07 -1.40867590e-04 -1.69484990e-04)	(9.77267091e-08 -1.53355654e-04 -1.62979849e-04)	(1.06779706e-07 1.24880638e-05 -6.50514102e-06)
87              	(2.04986887e-07 -1.37836744e-04 -1.72051659e-04)	(9.77725045e-08 -1.50185571e-04 -1.65464364e-04)	(1.07214383e-07 1.23488262e-05 -6.58729512e-06)
88              	(2.05357990e-07 -1.34388660e-04 -1.74367380e-04)	(9.78432198e-08 -1.46591548e-04 -1.67691990e-04)	(1.07514770e-07 1.22028873e-05 -6.67539041e-06)
89              	(2.05737619e-07 -1.31413741e-04 -1.76330547e-04)	(9.79629561e-08 -1.43457370e-04 -1.69554933e-04)	(1.07774663e-07 1.20436290e-05 -6.77561373e-06)
90              	(2.06206282e-07 -1.29505585e-04 -1.77836260e-04)	(9.81259377e-08 -1.41373866e-04 -1.70951480e-04)	(1.08080345e-07 1.18682814e-05 -6.88478027e-06)
91              	(2.06753517e-07 -1.28276217e-04 -1.78697102e-04)	(9.83145035e-08 -1.39966181e-04 -1.71695372e-04)	(1.08439013e-07 1.16899643e-05 -7.00172943e-06)
92              	(2.07344493e-07 -1.26866090e-04 -1.79108932e-04)	(9.85199059e-08 -1.38384376e-04 -1.71978681e-04)	(1.08824587e-07 1.15182861e-05 -7.13025104e-06)
93              	(2.07897512e-07 -1.24750126e-04 -1.79403178e-04)	(9.87311676e-08 -1.36110559e-04 -1.72143724e-04)	(1.09166344e-07 1.13604331e-05 -7.25945443e-06)
94              	(2.08474910e-07 -1.22197800e-04 -1.79752499e-04)	(9.89580034e-08 -1.33393811e-04 -1.72361551e-04)	(1.09516907e-07 1.11960108e-05 -7.39094735e-06)
95              	(2.08973804e-07 -1.19483674e-04 -1.80058434e-04)	(9.91718560e-08 -1.30530589e-04 -1.72533548e-04)	(1.09801948e-07 1.10469151e-05 -7.52488681e-06)
96              	(2.09331209e-07 -1.16962969e-04 -1.80043758e-04)	(9.93300290e-08 -1.27862019e-04 -1.72375758e-04)	(1.10001180e-07 1.08990498e-05 -7.66799990e-06)
97              	(2.09691753e-07 -1.14505775e-04 -1.79670983e-04)	(9.94047791e-08 -1.25259078e-04 -1.71852930e-04)	(1.10286974e-07 1.07533033e-05 -7.81805378e-06)
98              	(2.10061603e-07 -1.11790607e-04 -1.79461815e-04)	(9.94100293e-08 -1.22408890e-04 -1.71496509e-04)	(1.10651573e-07 1.06182833e-05 -7.96530643e-06)
99              	(2.10474758e-07 -1.08847364e-04 -1.79519990e-04)	(9.93839198e-08 -1.19329957e-04 -1.71401114e-04)	(1.11090839e-07 1.04825928e-05 -8.11887602e-06)
100             	(2.10816661e-07 -1.05992991e-04 -1.79535458e-04)	(9.93588985e-08 -1.16344652e-04 -1.71266782e-04)	(1.11457762e-07 1.03516610e-05 -8.26867666e-06)
101             	(2.11154448e-07 -1.03393364e-04 -1.79544452e-04)	(9.93467569e-08 -1.13620651e-04 -1.71119822e-04)	(1.11807691e-07 1.02272869e-05 -8.42462995e-06)
102             	(2.11499556e-07 -1.00912385e-04 -1.79435353e-04)	(9.93501349e-08 -1.11025405e-04 -1.70850672e-04)	(1.12149421e-07 1.01130206e-05 -8.58468108e-06)
103             	(2.11844134e-07 -9.83712149e-05 -1.78931568e-04)	(9.93712194e-08 -1.08367557e-04 -1.70188526e-04)	(1.12472915e-07 9.99634216e-06 -8.74304188e-06)
104             	(2.12246599e-07 -9.57212832e-05 -1.78150906e-04)	(9.94049423e-08 -1.05606834e-04 -1.69246935e-04)	(1.12841656e-07 9.88555100e-06 -8.90397150e-06)
105             	(2.12715156e-07 -9.29096377e-05 -1.77359640e-04)	(9.94392313e-08 -1.02688848e-04 -1.68296853e-04)	(1.13275924e-07 9.77921059e-06 -9.06278732e-06)
106             	(2.13254042e-07 -9.02127007e-05 -1.76696711e-04)	(9.94918939e-08 -9.98846462e-05 -1.67475898e-04)	(1.13762148e-07 9.67194548e-06 -9.22081288e-06)
107             	(2.13794255e-07 -8.76182847e-05 -1.76484048e-04)	(9.95589586e-08 -9.71917947e-05 -1.67105719e-04)	(1.14235296e-07 9.57350996e-06 -9.37832856e-06)
108             	(2.14349037e-07 -8.48558474e-05 -1.76657532e-04)	(9.96238385e-08 -9.43329856e-05 -1.67123347e-04)	(1.14725198e-07 9.47713822e-06 -9.53418501e-06)
109             	(2.14900705e-07 -8.18580854e-05 -1.76666462e-04)	(9.96741224e-08 -9.12453678e-05 -1.66981912e-04)	(1.15226582e-07 9.38728239e-06 -9.68454984e-06)
110             	(2.15436347e-07 -7.87698083e-05 -1.75876756e-04)	(9.97083269e-08 -8.80718627e-05 -1.66043548e-04)	(1.15728020e-07 9.30205443e-06 -9.83320858e-06)
111             	(2.15908985e-07 -7.55632253e-05 -1.74270970e-04)	(9.97261154e-08 -8.47823383e-05 -1.64289795e-04)	(1.16182869e-07 9.21911303e-06 -9.98117437e-06)
112             	(2.16430465e-07 -7.23778862e-05 -1.72405556e-04)	(9.97399158e-08 -8.15187114e-05 -1.62274786e-04)	(1.16690549e-07 9.14082528e-06 -1.01307697e-05)
113             	(2.16955920e-07 -6.95014336e-05 -1.70642432e-04)	(9.97679121e-08 -7.85673889e-05 -1.60360502e-04)	(1.17188008e-07 9.06595525e-06 -1.02819300e-05)
114             	(2.17418026e-07 -6.68220719e-05 -1.69424948e-04)	(9.98072330e-08 -7.58193749e-05 -1.58994380e-04)	(1.17610793e-07 8.99730302e-06 -1.04305680e-05)
115             	(2.17848467e-07 -6.40533030e-05 -1.68695255e-04)	(9.98480486e-08 -7.29884470e-05 -1.58123085e-04)	(1.18000418e-07 8.93514405e-06 -1.05721708e-05)
116             	(2.18276370e-07 -6.11287589e-05 -1.67811851e-04)	(9.98860710e-08 -7.00103163e-05 -1.57104360e-04)	(1.18390299e-07 8.88155735e-06 -1.07074916e-05)
117             	(2.18754565e-07 -5.80525099e-05 -1.66300214e-04)	(9.99170055e-08 -6.68844765e-05 -1.55463961e-04)	(1.18837559e-07 8.83196656e-06 -1.08362526e-05)
118             	(2.19253814e-07 -5.50299635e-05 -1.63930127e-04)	(9.99388950e-08 -6.38153605e-05 -1.52971488e-04)	(1.19314919e-07 8.78539706e-06 -1.09586391e-05)
119             	(2.19723860e-07 -5.20817114e-05 -1.60890873e-04)	(9.99553319e-08 -6.08248845e-05 -1.49815725e-04)	(1.19768528e-07 8.74317309e-06 -1.10751484e-05)
120             	(2.20194550e-07 -4.94028891e-05 -1.57617325e-04)	(9.99667686e-08 -5.81074444e-05 -1.46430224e-04)	(1.20227782e-07 8.70455532e-06 -1.11871014e-05)
121             	(2.20625739e-07 -4.69566984e-05 -1.54613429e-04)	(9.99727248e-08 -5.56256679e-05 -1.43318428e-04)	(1.20653014e-07 8.66896949e-06 -1.12950009e-05)
122             	(2.21108589e-07 -4.46768025e-05 -1.52199287e-04)	(9.99790946e-08 -5.33125715e-05 -1.40802388e-04)	(1.21129494e-07 8.63576904e-06 -1.13968992e-05)
123             	(2.21602852e-07 -4.23713190e-05 -1.49932588e-04)	(9.99904178e-08 -5.09763267e-05 -1.38439330e-04)	(1.21612435e-07 8.60500766e-06 -1.14932577e-05)
124             	(2.22066120e-07 -3.98420061e-05 -1.47161937e-04)	(1.00001808e-07 -4.84179504e-05 -1.35577116e-04)	(1.22064312e-07 8.57594429e-06 -1.15848211e-05)
125             	(2.22532136e-07 -3.71894131e-05 -1.43796784e-04)	(1.00013194e-07 -4.57378308e-05 -1.32124089e-04)	(1.22518942e-07 8.54841764e-06 -1.16726956e-05)
126             	(2.22977992e-07 -3.46562145e-05 -1.40017779e-04)	(1.00026215e-07 -4.31786561e-05 -1.28262391e-04)	(1.22951778e-07 8.52244154e-06 -1.17553877e-05)
127             	(2.23317157e-07 -3.23818224e-05 -1.36166289e-04)	(1.00042259e-07 -4.08795701e-05 -1.24332642e-04)	(1.23274897e-07 8.49774776e-06 -1.18336472e-05)
128             	(2.23623155e-07 -3.02293145e-05 -1.32424489e-04)	(1.00058404e-07 -3.87034883e-05 -1.20517093e-04)	(1.23564751e-07 8.47417377e-06 -1.19073965e-05)
129             	(2.23874013e-07 -2.81365934e-05 -1.28698112e-04)	(1.00077243e-07 -3.65878913e-05 -1.16721528e-04)	(1.23796771e-07 8.45129783e-06 -1.19765836e-05)
130             	(2.24155258e-07 -2.61129324e-05 -1.24844128e-04)	(1.00096380e-07 -3.45414990e-05 -1.12803238e-04)	(1.24058878e-07 8.42856658e-06 -1.20408901e-05)
131             	(2.24435062e-07 -2.41697284e-05 -1.20761126e-04)	(1.00112202e-07 -3.25764055e-05 -1.08661038e-04)	(1.24322860e-07 8.40667717e-06 -1.21000877e-05)
132             	(2.24783843e-07 -2.22852457e-05 -1.16383434e-04)	(1.00124751e-07 -3.06710025e-05 -1.04229511e-04)	(1.24659092e-07 8.38575682e-06 -1.21539224e-05)
133             	(2.25089747e-07 -2.04105192e-05 -1.11773532e-04)	(1.00132214e-07 -2.87757359e-05 -9.95711487e-05)	(1.24957533e-07 8.36521666e-06 -1.22023836e-05)
134             	(2.25375775e-07 -1.85729211e-05 -1.07035307e-04)	(1.00130863e-07 -2.69186599e-05 -9.47912466e-05)	(1.25244913e-07 8.34573880e-06 -1.22440602e-05)
135             	(2.25700677e-07 -1.67501688e-05 -1.02180996e-04)	(1.00119521e-07 -2.50774392e-05 -8.99023607e-05)	(1.25581156e-07 8.32727037e-06 -1.22786357e-05)
136             	(2.26038228e-07 -1.49790192e-05 -9.72072203e-05)	(1.00100649e-07 -2.32883700e-05 -8.49013137e-05)	(1.25937579e-07 8.30935078e-06 -1.23059066e-05)
137             	(2.26342223e-07 -1.32527412e-05 -9.21676263e-05)	(1.00077530e-07 -2.15440423e-05 -7.98415349e-05)	(1.26264693e-07 8.29130116e-06 -1.23260914e-05)
138             	(2.26598269e-07 -1.16565480e-05 -8.70045085e-05)	(1.00056564e-07 -1.99297022e-05 -7.46655029e-05)	(1.26541705e-07 8.27315416e-06 -1.23390057e-05)
139             	(2.26791309e-07 -1.01247875e-05 -8.17612544e-05)	(1.00036839e-07 -1.83790925e-05 -6.94171182e-05)	(1.26754470e-07 8.25430505e-06 -1.23441362e-05)
140             	(2.26940701e-07 -8.70567289e-06 -7.65988551e-05)	(1.00017737e-07 -1.69413534e-05 -6.42571767e-05)	(1.26922964e-07 8.23568052e-06 -1.23416784e-05)
141             	(2.27061107e-07 -7.34797215e-06 -7.16311709e-05)	(9.99965175e-08 -1.55648682e-05 -5.92987153e-05)	(1.27064589e-07 8.21689602e-06 -1.23324556e-05)
142             	(2.27171452e-07 -6.05346556e-06 -6.68583864e-05)	(9.99708132e-08 -1.42511143e-05 -5.45407682e-05)	(1.27200638e-07 8.19764875e-06 -1.23176182e-05)
143             	(2.27297785e-07 -4.79313356e-06 -6.21393801e-05)	(9.99432196e-08 -1.29710722e-05 -4.98415478e-05)	(1.27354565e-07 8.17793860e-06 -1.22978323e-05)
144             	(2.27497578e-07 -3.54213703e-06 -5.72317474e-05)	(9.99166041e-08 -1.16996585e-05 -4.49573906e-05)	(1.27580974e-07 8.15752148e-06 -1.22743568e-05)
145             	(2.27750616e-07 -2.39034740e-06 -5.22812169e-05)	(9.98889023e-08 -1.05272166e-05 -4.00337434e-05)	(1.27861714e-07 8.13686915e-06 -1.22474735e-05)
146             	(2.27991882e-07 -1.42607774e-06 -4.76100221e-05)	(9.98561567e-08 -9.54175955e-06 -3.53923257e-05)	(1.28135726e-07 8.11568181e-06 -1.22176964e-05)
147             	(2.28192814e-07 -5.71057040e-07 -4.33004464e-05)	(9.98211461e-08 -8.66485711e-06 -3.11150833e-05)	(1.28371668e-07 8.09380007e-06 -1.21853631e-05)
148             	(2.28398375e-07 2.15733263e-07 -3.91715243e-05)	(9.97899882e-08 -7.85665834e-06 -2.70207456e-05)	(1.28608386e-07 8.07239160e-06 -1.21507787e-05)
149             	(2.28618772e-07 9.50913826e-07 -3.51192842e-05)	(9.97611704e-08 -7.09965657e-06 -2.30048723e-05)	(1.28857602e-07 8.05057040e-06 -1.21144119e-05)
150             	(2.28885949e-07 1.63065445e-06 -3.11772375e-05)	(9.97327413e-08 -6.39791319e-06 -1.91002570e-05)	(1.29153208e-07 8.02856764e-06 -1.20769806e-05)
151             	(2.29155897e-07 2.25207772e-06 -2.73653625e-05)	(9.97056388e-08 -5.75481561e-06 -1.53255674e-05)	(1.29450258e-07 8.00689332e-06 -1.20397952e-05)
152             	(2.29442762e-07 2.86437534e-06 -2.37095603e-05)	(9.96784106e-08 -5.12079855e-06 -1.17073700e-05)	(1.29764351e-07 7.98517389e-06 -1.20021903e-05)
153             	(2.29711238e-07 3.41979727e-06 -2.02544423e-05)	(9.96480992e-08 -4.54215393e-06 -8.29059240e-06)	(1.30063139e-07 7.96195120e-06 -1.19638499e-05)
154             	(2.29979693e-07 3.85692158e-06 -1.70625462e-05)	(9.96156463e-08 -4.08044391e-06 -5.13794953e-06)	(1.30364047e-07 7.93736549e-06 -1.19245966e-05)
155             	(2.30269386e-07 4.19917526e-06 -1.42154005e-05)	(9.95848639e-08 -3.71246732e-06 -2.33074356e-06)	(1.30684522e-07 7.91164258e-06 -1.18846569e-05)
156             	(2.30528887e-07 4.46909580e-06 -1.15278389e-05)	(9.95538038e-08 -3.41604461e-06 3.15970101e-07)	(1.30975084e-07 7.88514041e-06 -1.18438090e-05)
157             	(2.30787299e-07 4.57693712e-06 -8.82944632e-06)	(9.95175638e-08 -3.28113171e-06 2.97263496e-06)	(1.31269736e-07 7.85806882e-06 -1.18020813e-05)
158             	(2.31052576e-07 4.62887097e-06 -6.25778807e-06)	(9.94758730e-08 -3.20131439e-06 5.50147671e-06)	(1.31576703e-07 7.83018536e-06 -1.17592648e-05)
159             	(2.31370448e-07 4.68767446e-06 -3.84346931e-06)	(9.94306607e-08 -3.11384997e-06 7.87243677e-06)	(1.31939788e-07 7.80152443e-06 -1.17159061e-05)
160             	(2.31680009e-07 4.82396180e-06 -1.52820374e-06)	(9.93831084e-08 -2.94849484e-06 1.01443935e-05)	(1.32296901e-07 7.77245664e-06 -1.16725972e-05)
161             	(2.31983512e-07 4.99893170e-06 7.15713895e-07)	(9.93331488e-08 -2.74452198e-06 1.23456887e-05)	(1.32650363e-07 7.74345367e-06 -1.16299748e-05)
162             	(2.32282016e-07 5.16604366e-06 2.89742404e-06)	(9.92816743e-08 -2.54867434e-06 1.44860139e-05)	(1.33000341e-07 7.71471801e-06 -1.15885898e-05)
163             	(2.32585432e-07 5.33964541e-06 5.01254559e-06)	(9.92305326e-08 -2.34650106e-06 1.65611433e-05)	(1.33354900e-07 7.68614647e-06 -1.15485977e-05)
164             	(2.32894283e-07 5.59109555e-06 6.99813684e-06)	(9.91857411e-08 -2.06733965e-06 1.85081721e-05)	(1.33708542e-07 7.65843520e-06 -1.15100352e-05)
165             	(2.33186101e-07 5.88026940e-06 8.82768648e-06)	(9.91505008e-08 -1.75150193e-06 2.03008884e-05)	(1.34035600e-07 7.63177134e-06 -1.14732019e-05)
166             	(2.33486902e-07 6.15020235e-06 1.05046265e-05)	(9.91232084e-08 -1.45600991e-06 2.19421719e-05)	(1.34363693e-07 7.60621226e-06 -1.14375454e-05)
167             	(2.33789860e-07 6.37381026e-06 1.20996354e-05)	(9.91002032e-08 -1.20793706e-06 2.35026549e-05)	(1.34689656e-07 7.58174732e-06 -1.14030195e-05)
168             	(2.34100149e-07 6.62022886e-06 1.37193874e-05)	(9.90853667e-08 -9.38186345e-07 2.50890386e-05)	(1.35014783e-07 7.55841520e-06 -1.13696512e-05)
169             	(2.34387994e-07 6.91243787e-06 1.53588693e-05)	(9.90777913e-08 -6.23685695e-07 2.66963098e-05)	(1.35310203e-07 7.53612356e-06 -1.13374405e-05)
170             	(2.34678573e-07 7.18622936e-06 1.69800961e-05)	(9.90710717e-08 -3.29506611e-07 2.82865165e-05)	(1.35607501e-07 7.51573597e-06 -1.13064203e-05)
171             	(2.34938008e-07 7.39675190e-06 1.85063798e-05)	(9.90608375e-08 -9.99684030e-08 2.97832800e-05)	(1.35877171e-07 7.49672030e-06 -1.12769003e-05)
172             	(2.35177159e-07 7.56198267e-06 1.99261803e-05)	(9.90439922e-08 8.31900132e-08 3.11750572e-05)	(1.36133167e-07 7.47879266e-06 -1.12488769e-05)
173             	(2.35398658e-07 7.75266619e-06 2.12424696e-05)	(9.90214333e-08 2.90639736e-07 3.24645736e-05)	(1.36377225e-07 7.46202646e-06 -1.12221040e-05)
174             	(2.35598911e-07 7.88244031e-06 2.24858741e-05)	(9.89947369e-08 4.36163929e-07 3.36825255e-05)	(1.36604174e-07 7.44627638e-06 -1.11966514e-05)
175             	(2.35789726e-07 7.91272084e-06 2.36540142e-05)	(9.89634842e-08 4.81523964e-07 3.48263710e-05)	(1.36826242e-07 7.43119688e-06 -1.11723568e-05)
176             	(2.35963157e-07 7.92520185e-06 2.47886332e-05)	(9.89315619e-08 5.08759649e-07 3.59381718e-05)	(1.37031595e-07 7.41644220e-06 -1.11495386e-05)
177             	(2.36152943e-07 8.00986805e-06 2.59036068e-05)	(9.89052602e-08 6.07953562e-07 3.70318664e-05)	(1.37247683e-07 7.40191449e-06 -1.11282595e-05)
178             	(2.36334188e-07 8.18270358e-06 2.69115230e-05)	(9.88881698e-08 7.94796113e-07 3.80205590e-05)	(1.37446018e-07 7.38790747e-06 -1.11090359e-05)
179             	(2.36517563e-07 8.41932492e-06 2.78136319e-05)	(9.88797873e-08 1.04505658e-06 3.89054527e-05)	(1.37637775e-07 7.37426834e-06 -1.10918208e-05)
180             	(2.36688020e-07 8.64023254e-06 2.86046113e-05)	(9.88785870e-08 1.27880800e-06 3.96814029e-05)	(1.37809433e-07 7.36142453e-06 -1.10767916e-05)
181             	(2.36862158e-07 8.78340776e-06 2.93581603e-05)	(9.88805379e-08 1.43406538e-06 4.04216169e-05)	(1.37981620e-07 7.34934238e-06 -1.10634566e-05)
182             	(2.37021240e-07 8.90402138e-06 3.01150972e-05)	(9.88836297e-08 1.56634965e-06 4.11669816e-05)	(1.38137610e-07 7.33767173e-06 -1.10518844e-05)
183             	(2.37171452e-07 9.04529926e-06 3.09175744e-05)	(9.88869537e-08 1.71835913e-06 4.19594430e-05)	(1.38284498e-07 7.32694012e-06 -1.10418686e-05)
184             	(2.37293029e-07 9.20938179e-06 3.17140928e-05)	(9.88909017e-08 1.89218474e-06 4.27473326e-05)	(1.38402127e-07 7.31719705e-06 -1.10332398e-05)
185             	(2.37399892e-07 9.36476695e-06 3.24047347e-05)	(9.88967100e-08 2.05647068e-06 4.34309330e-05)	(1.38503182e-07 7.30829627e-06 -1.10261983e-05)
186             	(2.37488587e-07 9.50430730e-06 3.30379746e-05)	(9.89033332e-08 2.20414417e-06 4.40587849e-05)	(1.38585254e-07 7.30016313e-06 -1.10208103e-05)
187             	(2.37580292e-07 9.61773455e-06 3.36690005e-05)	(9.89100038e-08 2.32530431e-06 4.46859758e-05)	(1.38670288e-07 7.29243023e-06 -1.10169753e-05)
188             	(2.37676781e-07 9.69655500e-06 3.43115437e-05)	(9.89161490e-08 2.41160594e-06 4.53261743e-05)	(1.38760632e-07 7.28494906e-06 -1.10146306e-05)
189             	(2.37748328e-07 9.76013537e-06 3.49859178e-05)	(9.89220048e-08 2.48228194e-06 4.59995696e-05)	(1.38826323e-07 7.27785343e-06 -1.10136517e-05)
190             	(2.37816963e-07 9.82885706e-06 3.56730929e-05)	(9.89267015e-08 2.55759839e-06 4.66871006e-05)	(1.38890262e-07 7.27125867e-06 -1.10140077e-05)
191             	(2.37875941e-07 9.91103726e-06 3.64182786e-05)	(9.89309852e-08 2.64595979e-06 4.74339945e-05)	(1.38944956e-07 7.26507747e-06 -1.10157159e-05)
192             	(2.37937482e-07 9.99775783e-06 3.71807049e-05)	(9.89348260e-08 2.73833669e-06 4.81991780e-05)	(1.39002656e-07 7.25942114e-06 -1.10184731e-05)
193             	(2.38013419e-07 1.01079924e-05 3.77913049e-05)	(9.89387167e-08 2.85436192e-06 4.88135801e-05)	(1.39074703e-07 7.25363051e-06 -1.10222752e-05)
194             	(2.38077716e-07 1.02246151e-05 3.82380875e-05)	(9.89420293e-08 2.97651517e-06 4.92652196e-05)	(1.39135686e-07 7.24809990e-06 -1.10271321e-05)
195             	(2.38129910e-07 1.03272235e-05 3.86563282e-05)	(9.89448497e-08 3.08442890e-06 4.96897980e-05)	(1.39185060e-07 7.24279455e-06 -1.10334699e-05)
196             	(2.38192623e-07 1.04050242e-05 3.91907492e-05)	(9.89477074e-08 3.16729822e-06 5.02321452e-05)	(1.39244916e-07 7.23772602e-06 -1.10413960e-05)
197             	(2.38269615e-07 1.04778074e-05 3.98608289e-05)	(9.89510072e-08 3.24529071e-06 5.09115276e-05)	(1.39318608e-07 7.23251671e-06 -1.10506987e-05)
198             	(2.38349782e-07 1.05455085e-05 4.05637387e-05)	(9.89536355e-08 3.31833507e-06 5.16250619e-05)	(1.39396147e-07 7.22717341e-06 -1.10613232e-05)
199             	(2.38420720e-07 1.06631428e-05 4.12009128e-05)	(9.89534607e-08 3.44129742e-06 5.22740482e-05)	(1.39467259e-07 7.22184543e-06 -1.10731354e-05)
200             	(2.38485109e-07 1.06697991e-05 4.19636969e-05)	(9.89542701e-08 3.45337454e-06 5.30497349e-05)	(1.39530839e-07 7.21642457e-06 -1.10860380e-05)
201             	(2.38559562e-07 1.06274773e-05 4.29688062e-05)	(9.89560737e-08 3.41676620e-06 5.40685681e-05)	(1.39603488e-07 7.21071113e-06 -1.10997619e-05)
202             	(2.38626708e-07 1.06015510e-05 4.40455996e-05)	(9.89577699e-08 3.39692179e-06 5.51594404e-05)	(1.39668938e-07 7.20462925e-06 -1.11138408e-05)
203             	(2.38683774e-07 1.06283242e-05 4.50002638e-05)	(9.89593561e-08 3.43033314e-06 5.61282925e-05)	(1.39724418e-07 7.19799103e-06 -1.11280287e-05)
204             	(2.38751046e-07 1.07016060e-05 4.57666529e-05)	(9.89602967e-08 3.51073234e-06 5.69087412e-05)	(1.39790749e-07 7.19087367e-06 -1.11420882e-05)
205             	(2.38812989e-07 1.08781990e-05 4.64450631e-05)	(9.89612708e-08 3.69476142e-06 5.76012075e-05)	(1.39851718e-07 7.18343753e-06 -1.11561444e-05)
206             	(2.38881976e-07 1.11299359e-05 4.71515999e-05)	(9.89618775e-08 3.95353726e-06 5.83221339e-05)	(1.39920099e-07 7.17639863e-06 -1.11705340e-05)
207             	(2.38958368e-07 1.14333447e-05 4.80141039e-05)	(9.89622870e-08 4.26349451e-06 5.91992389e-05)	(1.39996081e-07 7.16985015e-06 -1.11851350e-05)
208             	(2.39037002e-07 1.17788447e-05 4.90503562e-05)	(9.89637892e-08 4.61489165e-06 6.02502673e-05)	(1.40073213e-07 7.16395306e-06 -1.11999112e-05)
209             	(2.39118314e-07 1.20944228e-05 5.01986147e-05)	(9.89673417e-08 4.93559133e-06 6.14136168e-05)	(1.40150972e-07 7.15883147e-06 -1.12150021e-05)
210             	(2.39198603e-07 1.23101805e-05 5.12958438e-05)	(9.89730765e-08 5.15573419e-06 6.25261929e-05)	(1.40225527e-07 7.15444631e-06 -1.12303491e-05)
211             	(2.39298649e-07 1.24410202e-05 5.22806788e-05)	(9.89806618e-08 5.29032744e-06 6.35265113e-05)	(1.40317987e-07 7.15069281e-06 -1.12458325e-05)
212             	(2.39395305e-07 1.26008409e-05 5.31753761e-05)	(9.89886572e-08 5.45352293e-06 6.44367958e-05)	(1.40406648e-07 7.14731801e-06 -1.12614197e-05)
213             	(2.39490412e-07 1.28721053e-05 5.40332918e-05)	(9.89962858e-08 5.72764773e-06 6.53100787e-05)	(1.40494126e-07 7.14445759e-06 -1.12767870e-05)
214             	(2.39571159e-07 1.32427725e-05 5.49531731e-05)	(9.90031046e-08 6.10071245e-06 6.62449976e-05)	(1.40568054e-07 7.14206001e-06 -1.12918245e-05)
215             	(2.39660705e-07 1.36728181e-05 5.59792266e-05)	(9.90092680e-08 6.53300798e-06 6.72857463e-05)	(1.40651437e-07 7.13981016e-06 -1.13065198e-05)
216             	(2.39748625e-07 1.41401382e-05 5.70896099e-05)	(9.90131736e-08 7.00231017e-06 6.84103908e-05)	(1.40735452e-07 7.13782799e-06 -1.13207808e-05)
217             	(2.39832628e-07 1.45244498e-05 5.82206662e-05)	(9.90176974e-08 7.38833844e-06 6.95551783e-05)	(1.40814930e-07 7.13611141e-06 -1.13345122e-05)
218             	(2.39902838e-07 1.48866129e-05 5.91165402e-05)	(9.90220643e-08 7.75177461e-06 7.04642680e-05)	(1.40880773e-07 7.13483828e-06 -1.13477278e-05)
219             	(2.39975289e-07 1.52766396e-05 5.98139883e-05)	(9.90269558e-08 8.14274427e-06 7.11746855e-05)	(1.40948334e-07 7.13389529e-06 -1.13606972e-05)
220             	(2.40047893e-07 1.57498082e-05 6.03979787e-05)	(9.90320501e-08 8.61634909e-06 7.17712407e-05)	(1.41015843e-07 7.13345912e-06 -1.13732620e-05)
221             	(2.40119140e-07 1.62896289e-05 6.09717857e-05)	(9.90374513e-08 9.15626112e-06 7.23573364e-05)	(1.41081688e-07 7.13336777e-06 -1.13855507e-05)
222             	(2.40187365e-07 1.68625573e-05 6.16514153e-05)	(9.90437077e-08 9.72872485e-06 7.30490765e-05)	(1.41143657e-07 7.13383243e-06 -1.13976612e-05)
223             	(2.40245278e-07 1.74281632e-05 6.24628708e-05)	(9.90501853e-08 1.02931239e-05 7.38725378e-05)	(1.41195092e-07 7.13503936e-06 -1.14096670e-05)
224             	(2.40300552e-07 1.79877456e-05 6.32944551e-05)	(9.90564910e-08 1.08508361e-05 7.47161676e-05)	(1.41244061e-07 7.13690956e-06 -1.14217125e-05)
225             	(2.40348471e-07 1.85302035e-05 6.39794865e-05)	(9.90629319e-08 1.13908860e-05 7.54131942e-05)	(1.41285539e-07 7.13931750e-06 -1.14337078e-05)
226             	(2.40396754e-07 1.90471002e-05 6.44967167e-05)	(9.90685905e-08 1.19047610e-05 7.59427004e-05)	(1.41328164e-07 7.14233920e-06 -1.14459837e-05)
227             	(2.40427127e-07 1.95952467e-05 6.49521927e-05)	(9.90730703e-08 1.24492510e-05 7.64108098e-05)	(1.41354056e-07 7.14599568e-06 -1.14586171e-05)
228             	(2.40463578e-07 2.01984559e-05 6.54424055e-05)	(9.90770076e-08 1.30482290e-05 7.69141421e-05)	(1.41386571e-07 7.15022696e-06 -1.14717366e-05)
229             	(2.40483646e-07 2.08301937e-05 6.60150045e-05)	(9.90794270e-08 1.36752304e-05 7.75005941e-05)	(1.41404219e-07 7.15496329e-06 -1.14855895e-05)
230             	(2.40504410e-07 2.14964704e-05 6.66242053e-05)	(9.90798358e-08 1.43362531e-05 7.81247726e-05)	(1.41424574e-07 7.16021730e-06 -1.15005673e-05)
231             	(2.40518778e-07 2.22032681e-05 6.71558810e-05)	(9.90788846e-08 1.50373103e-05 7.86724288e-05)	(1.41439893e-07 7.16595782e-06 -1.15165479e-05)
232             	(2.40544693e-07 2.28779187e-05 6.75989751e-05)	(9.90785438e-08 1.57055473e-05 7.91327033e-05)	(1.41466149e-07 7.17237139e-06 -1.15337282e-05)
233             	(2.40567501e-07 2.34957674e-05 6.79984354e-05)	(9.90792643e-08 1.63161570e-05 7.95503132e-05)	(1.41488237e-07 7.17961033e-06 -1.15518778e-05)
234             	(2.40600088e-07 2.41240101e-05 6.84249655e-05)	(9.90810030e-08 1.69363978e-05 7.99957405e-05)	(1.41519085e-07 7.18761237e-06 -1.15707750e-05)
235             	(2.40636789e-07 2.47977291e-05 6.88427350e-05)	(9.90840695e-08 1.76012562e-05 8.04330773e-05)	(1.41552720e-07 7.19647288e-06 -1.15903423e-05)
236             	(2.40669414e-07 2.54995437e-05 6.92354921e-05)	(9.90894353e-08 1.82934502e-05 8.08460966e-05)	(1.41579979e-07 7.20609350e-06 -1.16106045e-05)
237             	(2.40707330e-07 2.61920568e-05 6.96407598e-05)	(9.90970419e-08 1.89756225e-05 8.12725325e-05)	(1.41610288e-07 7.21643429e-06 -1.16317726e-05)
238             	(2.40750965e-07 2.68603892e-05 7.00639730e-05)	(9.91055243e-08 1.96327354e-05 8.17177291e-05)	(1.41645441e-07 7.22765372e-06 -1.16537561e-05)
239             	(2.40780807e-07 2.75160753e-05 7.05192209e-05)	(9.91137935e-08 2.02765505e-05 8.21957478e-05)	(1.41667014e-07 7.23952484e-06 -1.16765269e-05)
240             	(2.40823570e-07 2.81520340e-05 7.10650315e-05)	(9.91242555e-08 2.08999420e-05 8.27653076e-05)	(1.41699315e-07 7.25209192e-06 -1.17002761e-05)
241             	(2.40867667e-07 2.87770576e-05 7.17674537e-05)	(9.91412792e-08 2.15114690e-05 8.34921447e-05)	(1.41726388e-07 7.26558861e-06 -1.17246910e-05)
242             	(2.40912641e-07 2.94164446e-05 7.24623284e-05)	(9.91609343e-08 2.21366483e-05 8.42120021e-05)	(1.41751707e-07 7.27979631e-06 -1.17496737e-05)
243             	(2.40965575e-07 3.00507987e-05 7.29786531e-05)	(9.91761056e-08 2.27559436e-05 8.47537689e-05)	(1.41789469e-07 7.29485511e-06 -1.17751158e-05)
244             	(2.41036995e-07 3.06380896e-05 7.34280399e-05)	(9.91855104e-08 2.33273098e-05 8.52289345e-05)	(1.41851485e-07 7.31077987e-06 -1.18008946e-05)
245             	(2.41120024e-07 3.11403661e-05 7.39838484e-05)	(9.91916380e-08 2.38130456e-05 8.58109644e-05)	(1.41928386e-07 7.32732048e-06 -1.18271159e-05)
246             	(2.41204538e-07 3.15610265e-05 7.47454364e-05)	(9.91970114e-08 2.42165032e-05 8.65991736e-05)	(1.42007527e-07 7.34452333e-06 -1.18537371e-05)
247             	(2.41282725e-07 3.19261410e-05 7.56818857e-05)	(9.92028109e-08 2.45637631e-05 8.75628053e-05)	(1.42079914e-07 7.36237790e-06 -1.18809197e-05)
248             	(2.41358875e-07 3.22644173e-05 7.66740034e-05)	(9.92097498e-08 2.48836587e-05 8.85822403e-05)	(1.42149126e-07 7.38075863e-06 -1.19082369e-05)
249             	(2.41449443e-07 3.25772579e-05 7.76393440e-05)	(9.92181525e-08 2.51773769e-05 8.95751753e-05)	(1.42231291e-07 7.39988103e-06 -1.19358313e-05)
250             	(2.41553599e-07 3.28501451e-05 7.85828635e-05)	(9.92280189e-08 2.54304839e-05 9.05463680e-05)	(1.42325580e-07 7.41966117e-06 -1.19635045e-05)
251             	(2.41633582e-07 3.30516719e-05 7.95532974e-05)	(9.92388530e-08 2.56117283e-05 9.15441400e-05)	(1.42394729e-07 7.43994365e-06 -1.19908426e-05)
252             	(2.41718576e-07 3.31379951e-05 8.05999995e-05)	(9.92507480e-08 2.56771712e-05 9.26176409e-05)	(1.42467828e-07 7.46082384e-06 -1.20176414e-05)
253             	(2.41808484e-07 3.31247859e-05 8.18031067e-05)	(9.92618560e-08 2.56426086e-05 9.38470944e-05)	(1.42546628e-07 7.48217730e-06 -1.20439877e-05)
254             	(2.41896409e-07 3.30689285e-05 8.31524174e-05)	(9.92724703e-08 2.55651426e-05 9.52219408e-05)	(1.42623939e-07 7.50378589e-06 -1.20695234e-05)
255             	(2.41984299e-07 3.29671691e-05 8.45464957e-05)	(9.92834201e-08 2.54417082e-05 9.66395673e-05)	(1.42700879e-07 7.52546082e-06 -1.20930716e-05)
256             	(2.42083968e-07 3.27929781e-05 8.58878962e-05)	(9.92954948e-08 2.52457045e-05 9.80032483e-05)	(1.42788473e-07 7.54727366e-06 -1.21153522e-05)
257             	(2.42179138e-07 3.25367877e-05 8.71655885e-05)	(9.93090416e-08 2.49680071e-05 9.93020157e-05)	(1.42870097e-07 7.56878056e-06 -1.21364272e-05)
258             	(2.42282878e-07 3.22037417e-05 8.84354212e-05)	(9.93226643e-08 2.46134533e-05 1.00591093e-04)	(1.42960214e-07 7.59028841e-06 -1.21556714e-05)
259             	(2.42389042e-07 3.17855430e-05 8.98831238e-05)	(9.93345705e-08 2.41735218e-05 1.02056596e-04)	(1.43054471e-07 7.61202118e-06 -1.21734720e-05)
260             	(2.42514830e-07 3.12352965e-05 9.15154633e-05)	(9.93464161e-08 2.36014949e-05 1.03704969e-04)	(1.43168414e-07 7.63380157e-06 -1.21895058e-05)
261             	(2.42648784e-07 3.05342084e-05 9.32112705e-05)	(9.93590979e-08 2.28782277e-05 1.05414702e-04)	(1.43289686e-07 7.65598074e-06 -1.22034320e-05)
262             	(2.42781601e-07 2.97117092e-05 9.47975849e-05)	(9.93728961e-08 2.20335808e-05 1.07012978e-04)	(1.43408705e-07 7.67812838e-06 -1.22153933e-05)
263             	(2.42919363e-07 2.88023606e-05 9.63075692e-05)	(9.93859760e-08 2.11024321e-05 1.08533172e-04)	(1.43533387e-07 7.69992847e-06 -1.22256032e-05)
264             	(2.43059976e-07 2.78095112e-05 9.78050042e-05)	(9.93973485e-08 2.00883455e-05 1.10039038e-04)	(1.43662628e-07 7.72116568e-06 -1.22340336e-05)
265             	(2.43198914e-07 2.67091356e-05 9.93861472e-05)	(9.94081319e-08 1.89671480e-05 1.11626742e-04)	(1.43790782e-07 7.74198758e-06 -1.22405945e-05)
266             	(2.43338148e-07 2.54836317e-05 1.01110806e-04)	(9.94193973e-08 1.77210783e-05 1.13355525e-04)	(1.43918750e-07 7.76255339e-06 -1.22447195e-05)
267             	(2.43481663e-07 2.41697279e-05 1.02969983e-04)	(9.94312791e-08 1.63871788e-05 1.15216337e-04)	(1.44050384e-07 7.78254910e-06 -1.22463540e-05)
268             	(2.43629134e-07 2.27566836e-05 1.04896341e-04)	(9.94433726e-08 1.49544664e-05 1.17142049e-04)	(1.44185762e-07 7.80221724e-06 -1.22457075e-05)
269             	(2.43774196e-07 2.12066432e-05 1.06803102e-04)	(9.94543772e-08 1.33854844e-05 1.19045692e-04)	(1.44319819e-07 7.82115882e-06 -1.22425904e-05)
270             	(2.43920853e-07 1.95346723e-05 1.08655065e-04)	(9.94652326e-08 1.16953513e-05 1.20892222e-04)	(1.44455620e-07 7.83932102e-06 -1.22371574e-05)
271             	(2.44070289e-07 1.77270498e-05 1.10457507e-04)	(9.94777467e-08 9.87049117e-06 1.22686965e-04)	(1.44592542e-07 7.85655859e-06 -1.22294578e-05)
272             	(2.44221568e-07 1.57917697e-05 1.12304802e-04)	(9.94930714e-08 7.91867799e-06 1.24523514e-04)	(1.44728497e-07 7.87309172e-06 -1.22187119e-05)
273             	(2.44375151e-07 1.37663361e-05 1.14281418e-04)	(9.95108406e-08 5.87770452e-06 1.26486170e-04)	(1.44864310e-07 7.88863162e-06 -1.22047522e-05)
274             	(2.44531527e-07 1.16188535e-05 1.16369064e-04)	(9.95302545e-08 3.71646354e-06 1.28557556e-04)	(1.45001272e-07 7.90238995e-06 -1.21884923e-05)
275             	(2.44687713e-07 9.34008854e-06 1.18507669e-04)	(9.95496938e-08 1.42491761e-06 1.30677693e-04)	(1.45138019e-07 7.91517093e-06 -1.21700247e-05)
276             	(2.44847611e-07 6.96736406e-06 1.20659321e-04)	(9.95677160e-08 -9.59715867e-07 1.32808838e-04)	(1.45279895e-07 7.92707993e-06 -1.21495163e-05)
277             	(2.45016642e-07 4.55393042e-06 1.22841495e-04)	(9.95842601e-08 -3.38349349e-06 1.34968525e-04)	(1.45432382e-07 7.93742391e-06 -1.21270295e-05)
278             	(2.45187889e-07 2.10287188e-06 1.25022824e-04)	(9.95975569e-08 -5.84373259e-06 1.37125356e-04)	(1.45590332e-07 7.94660448e-06 -1.21025326e-05)
279             	(2.45350915e-07 -4.48132555e-07 1.27187826e-04)	(9.96081676e-08 -8.40259809e-06 1.39264009e-04)	(1.45742747e-07 7.95446554e-06 -1.20761831e-05)
280             	(2.45514542e-07 -3.18423876e-06 1.29364742e-04)	(9.96194031e-08 -1.11449861e-05 1.41412943e-04)	(1.45895139e-07 7.96074733e-06 -1.20482013e-05)
281             	(2.45687534e-07 -6.00848831e-06 1.31576070e-04)	(9.96347871e-08 -1.39738180e-05 1.43595064e-04)	(1.46052747e-07 7.96532974e-06 -1.20189935e-05)
282             	(2.45862805e-07 -8.84023474e-06 1.33811599e-04)	(9.96536247e-08 -1.68082686e-05 1.45799703e-04)	(1.46209181e-07 7.96803389e-06 -1.19881037e-05)
283             	(2.46042626e-07 -1.16456121e-05 1.36051253e-04)	(9.96725026e-08 -1.96143112e-05 1.48007082e-04)	(1.46370123e-07 7.96869919e-06 -1.19558294e-05)
284             	(2.46215468e-07 -1.44168188e-05 1.38265278e-04)	(9.96862266e-08 -2.23843791e-05 1.50187913e-04)	(1.46529242e-07 7.96756027e-06 -1.19226357e-05)
285             	(2.46376920e-07 -1.71854734e-05 1.40426271e-04)	(9.96946688e-08 -2.51500913e-05 1.52314705e-04)	(1.46682252e-07 7.96461788e-06 -1.18884344e-05)
286             	(2.46537578e-07 -2.00277715e-05 1.42587945e-04)	(9.96996593e-08 -2.79874802e-05 1.54441285e-04)	(1.46837919e-07 7.95970873e-06 -1.18533397e-05)
287             	(2.46699685e-07 -2.29629772e-05 1.44812699e-04)	(9.97036310e-08 -3.09158977e-05 1.56630238e-04)	(1.46996054e-07 7.95292044e-06 -1.18175384e-05)
288             	(2.46861913e-07 -2.59492254e-05 1.47114004e-04)	(9.97084611e-08 -3.38934141e-05 1.58895217e-04)	(1.47153452e-07 7.94418870e-06 -1.17812129e-05)
289             	(2.47018933e-07 -2.89621444e-05 1.49440231e-04)	(9.97156574e-08 -3.68957503e-05 1.61184703e-04)	(1.47303276e-07 7.93360586e-06 -1.17444717e-05)
290             	(2.47177890e-07 -3.19645469e-05 1.51756537e-04)	(9.97291556e-08 -3.98858262e-05 1.63463954e-04)	(1.47448735e-07 7.92127924e-06 -1.17074169e-05)
291             	(2.47339128e-07 -3.49204560e-05 1.54009254e-04)	(9.97456470e-08 -4.28275906e-05 1.65679363e-04)	(1.47593481e-07 7.90713466e-06 -1.16701090e-05)
292             	(2.47493148e-07 -3.77753158e-05 1.56150575e-04)	(9.97583837e-08 -4.56664436e-05 1.67783062e-04)	(1.47734764e-07 7.89112784e-06 -1.16324868e-05)
293             	(2.47635780e-07 -4.05229411e-05 1.58235439e-04)	(9.97657585e-08 -4.83962285e-05 1.69830057e-04)	(1.47870022e-07 7.87328742e-06 -1.15946177e-05)
294             	(2.47773140e-07 -4.31908832e-05 1.60335954e-04)	(9.97696369e-08 -5.10444502e-05 1.71892447e-04)	(1.48003503e-07 7.85356691e-06 -1.15564930e-05)
295             	(2.47906572e-07 -4.58325040e-05 1.62438178e-04)	(9.97756178e-08 -5.36644332e-05 1.73956412e-04)	(1.48130954e-07 7.83192924e-06 -1.15182339e-05)
296             	(2.48037451e-07 -4.84079340e-05 1.64527842e-04)	(9.97846010e-08 -5.62162812e-05 1.76008021e-04)	(1.48252850e-07 7.80834723e-06 -1.14801794e-05)
297             	(2.48164652e-07 -5.08859955e-05 1.66598609e-04)	(9.97949477e-08 -5.86688472e-05 1.78040859e-04)	(1.48369704e-07 7.78285169e-06 -1.14422508e-05)
298             	(2.48286902e-07 -5.32450251e-05 1.68610185e-04)	(9.98051228e-08 -6.10007935e-05 1.80014940e-04)	(1.48481779e-07 7.75576835e-06 -1.14047550e-05)
299             	(2.48404729e-07 -5.55075435e-05 1.70519346e-04)	(9.98143593e-08 -6.32344703e-05 1.81887043e-04)	(1.48590370e-07 7.72692683e-06 -1.13676976e-05)
300             	(2.48515401e-07 -5.76892531e-05 1.72321958e-04)	(9.98229070e-08 -6.53857334e-05 1.83652817e-04)	(1.48692494e-07 7.69648035e-06 -1.13308599e-05)
301             	(2.48615967e-07 -5.97530621e-05 1.74039323e-04)	(9.98316344e-08 -6.74174783e-05 1.85333507e-04)	(1.48784332e-07 7.66441621e-06 -1.12941838e-05)
302             	(2.48710251e-07 -6.16559906e-05 1.75660262e-04)	(9.98401684e-08 -6.92867655e-05 1.86917944e-04)	(1.48870083e-07 7.63077490e-06 -1.12576821e-05)
303             	(2.48793856e-07 -6.34014597e-05 1.77187267e-04)	(9.98479887e-08 -7.09971166e-05 1.88408651e-04)	(1.48945868e-07 7.59565685e-06 -1.12213842e-05)
304             	(2.48872388e-07 -6.50155121e-05 1.78641070e-04)	(9.98550731e-08 -7.25747085e-05 1.89826392e-04)	(1.49017315e-07 7.55919641e-06 -1.11853218e-05)
305             	(2.48947334e-07 -6.65120180e-05 1.80015802e-04)	(9.98616356e-08 -7.40335385e-05 1.91165330e-04)	(1.49085698e-07 7.52152050e-06 -1.11495286e-05)
306             	(2.49017985e-07 -6.78889180e-05 1.81289687e-04)	(9.98675678e-08 -7.53715986e-05 1.92403770e-04)	(1.49150417e-07 7.48268054e-06 -1.11140830e-05)
307             	(2.49080746e-07 -6.91362555e-05 1.82482289e-04)	(9.98712447e-08 -7.65789776e-05 1.93561341e-04)	(1.49209501e-07 7.44272212e-06 -1.10790526e-05)
308             	(2.49135029e-07 -7.02411590e-05 1.83609766e-04)	(9.98701155e-08 -7.76429813e-05 1.94654148e-04)	(1.49264914e-07 7.40182232e-06 -1.10443819e-05)
309             	(2.49184587e-07 -7.11974956e-05 1.84658328e-04)	(9.98657016e-08 -7.85576561e-05 1.95668428e-04)	(1.49318885e-07 7.36016044e-06 -1.10101004e-05)
310             	(2.49230242e-07 -7.20003929e-05 1.85621394e-04)	(9.98603882e-08 -7.93182180e-05 1.96597633e-04)	(1.49369854e-07 7.31782510e-06 -1.09762385e-05)
311             	(2.49274412e-07 -7.26416876e-05 1.86490307e-04)	(9.98551934e-08 -7.99166324e-05 1.97433185e-04)	(1.49419218e-07 7.27494485e-06 -1.09428788e-05)
312             	(2.49314568e-07 -7.31307859e-05 1.87266913e-04)	(9.98497418e-08 -8.03624063e-05 1.98177065e-04)	(1.49464826e-07 7.23162040e-06 -1.09101528e-05)
313             	(2.49351816e-07 -7.34645613e-05 1.87965021e-04)	(9.98430056e-08 -8.06525033e-05 1.98842708e-04)	(1.49508811e-07 7.18794203e-06 -1.08776863e-05)
314             	(2.49388431e-07 -7.36586147e-05 1.88586066e-04)	(9.98353400e-08 -8.08026232e-05 1.99431522e-04)	(1.49553091e-07 7.14400852e-06 -1.08454560e-05)
315             	(2.49421270e-07 -7.37325239e-05 1.89153375e-04)	(9.98274867e-08 -8.08324669e-05 1.99967053e-04)	(1.49593783e-07 7.09994293e-06 -1.08136778e-05)
316             	(2.49451675e-07 -7.36993414e-05 1.89694700e-04)	(9.98198109e-08 -8.07551939e-05 2.00476990e-04)	(1.49631864e-07 7.05585249e-06 -1.07822895e-05)
317             	(2.49479321e-07 -7.35518753e-05 1.90191527e-04)	(9.98125236e-08 -8.05637215e-05 2.00942839e-04)	(1.49666797e-07 7.01184621e-06 -1.07513119e-05)
318             	(2.49505468e-07 -7.32770946e-05 1.90630355e-04)	(9.98064052e-08 -8.02451844e-05 2.01351144e-04)	(1.49699062e-07 6.96808974e-06 -1.07207893e-05)
319             	(2.49530638e-07 -7.28733127e-05 1.91019134e-04)	(9.98015494e-08 -7.97980381e-05 2.01709800e-04)	(1.49729088e-07 6.92472538e-06 -1.06906669e-05)
