# Force coefficients
# dragDir       : (1.00000000e+00 0.00000000e+00 0.00000000e+00)
# sideDir       : (0.00000000e+00 0.00000000e+00 -1.00000000e+00)
# liftDir       : (0.00000000e+00 1.00000000e+00 0.00000000e+00)
# rollAxis      : (1.00000000e+00 0.00000000e+00 0.00000000e+00)
# pitchAxis     : (0.00000000e+00 0.00000000e+00 -1.00000000e+00)
# yawAxis       : (0.00000000e+00 1.00000000e+00 0.00000000e+00)
# magUInf       : 2.00000000e+00
# lRef          : 1.10719220e+00
# Aref          : 5.38705787e-02
# CofR          : (0.00000000e+00 0.00000000e+00 0.00000000e+00)
#
# Time          	Cd              	Cs              	Cl              	CmRoll          	CmPitch         	CmYaw           	Cd(f)           	Cd(r)           	Cs(f)           	Cs(r)           	Cl(f)           	Cl(r)           
1               	1.71415986e-01	-6.22218744e-04	-1.37206760e-03	-6.16888321e-10	6.71547467e-04	-3.15935071e-04	8.57079924e-02	8.57079936e-02	-6.27044443e-04	4.82569935e-06	-1.44863328e-05	-1.35758127e-03
2               	1.63336792e-01	-4.52705820e-04	-1.08185411e-03	1.33455970e-10	5.74512524e-04	-2.21094819e-04	8.16683960e-02	8.16683957e-02	-4.47447729e-04	-5.25809124e-06	3.35854676e-05	-1.11543958e-03
3               	5.55618154e-02	9.79447142e-06	-9.39927750e-05	1.56479212e-09	9.78301269e-05	1.85739238e-05	2.77809093e-02	2.77809061e-02	2.34711595e-05	-1.36766881e-05	5.08337393e-05	-1.44826514e-04
4               	-4.39727354e-02	3.33655810e-04	6.46939826e-04	1.82847950e-09	-3.03813532e-04	1.78746364e-04	-2.19863659e-02	-2.19863695e-02	3.45574269e-04	-1.19184586e-05	1.96563812e-05	6.27283445e-04
5               	-7.00870226e-02	3.31565526e-04	7.03166780e-04	9.96913671e-10	-3.70113422e-04	1.63367986e-04	-3.50435103e-02	-3.50435123e-02	3.29150749e-04	2.41477659e-06	-1.85300315e-05	7.21696812e-04
6               	-2.87290369e-02	9.34910111e-05	2.67779407e-04	6.27116666e-11	-1.63783618e-04	3.36445696e-05	-1.43645184e-02	-1.43645185e-02	8.03900751e-05	1.31009360e-05	-2.98939142e-05	2.97673322e-04
7               	3.04359422e-02	-1.37439556e-04	-2.27745800e-04	-1.01049824e-10	9.84500539e-05	-8.58286536e-05	1.52179710e-02	1.52179712e-02	-1.54548432e-04	1.71088754e-05	-1.54228462e-05	-2.12322954e-04
8               	6.10081556e-02	-1.97330084e-04	-4.05455540e-04	6.53573821e-10	2.05652060e-04	-1.08833106e-04	3.05040784e-02	3.05040771e-02	-2.07498148e-04	1.01680638e-05	2.92429034e-06	-4.08379831e-04
9               	5.18770014e-02	-8.20025257e-05	-2.28423404e-04	1.92374808e-09	1.25813411e-04	-4.31304086e-05	2.59385026e-02	2.59384988e-02	-8.41316714e-05	2.12914573e-06	1.16017088e-05	-2.40025113e-04
10              	2.30865012e-02	6.92723748e-05	6.08689846e-05	2.88204372e-09	-2.66436347e-05	3.75234151e-05	1.15432535e-02	1.15432477e-02	7.21596025e-05	-2.88722777e-06	3.79085762e-06	5.70781269e-05
11              	8.64905886e-04	1.26598408e-04	2.28210090e-04	2.64096252e-09	-1.20889849e-04	6.87248459e-05	4.32455584e-04	4.32450302e-04	1.32024050e-04	-5.42564215e-06	-6.78480352e-06	2.34994894e-04
12              	-2.13283639e-03	7.79322770e-05	1.95507139e-04	1.57689734e-09	-1.07951878e-04	4.23282277e-05	-1.06641662e-03	-1.06641977e-03	8.12943662e-05	-3.36208922e-06	-1.01983085e-05	2.05705447e-04
13              	9.58641431e-03	-1.22740334e-05	5.07084546e-05	3.94507171e-10	-3.09001903e-05	-5.96811394e-06	4.79320755e-03	4.79320676e-03	-1.21051307e-05	-1.68902780e-07	-5.54596295e-06	5.62544175e-05
14              	2.31675573e-02	-6.55918568e-05	-7.08960260e-05	-1.60177465e-10	3.60923906e-05	-3.62731835e-05	1.15837785e-02	1.15837788e-02	-6.90691119e-05	3.47725509e-06	6.44377582e-07	-7.15404035e-05
15              	2.90020751e-02	-5.26303772e-05	-9.27504495e-05	1.08860962e-10	4.91738816e-05	-3.22170227e-05	1.45010376e-02	1.45010374e-02	-5.85322113e-05	5.90183408e-06	2.79865686e-06	-9.55491063e-05
16              	2.60172349e-02	-1.38704634e-06	-3.63142353e-05	9.60830339e-10	1.72715243e-05	-6.42865798e-06	1.30086184e-02	1.30086165e-02	-7.12218115e-06	5.73513481e-06	-8.85593360e-07	-3.54286419e-05
17              	1.94303844e-02	3.59777449e-05	3.09296442e-05	1.79208209e-09	-2.26739166e-05	1.41342466e-05	9.71519398e-03	9.71519039e-03	3.21231191e-05	3.85462582e-06	-7.20909453e-06	3.81387387e-05
18              	1.49510838e-02	3.50276451e-05	5.85114311e-05	2.25359759e-09	-3.86695036e-05	1.65810717e-05	7.47554415e-03	7.47553964e-03	3.40948943e-05	9.32750849e-07	-9.41378807e-06	6.79252192e-05
19              	1.48484147e-02	5.80009019e-06	4.36347153e-05	2.18756374e-09	-2.59550244e-05	4.87652489e-06	7.42420952e-03	7.42420515e-03	7.77656999e-06	-1.97647979e-06	-4.13766679e-06	4.77723820e-05
20              	1.76602020e-02	-2.30467231e-05	1.16522385e-05	1.78454873e-09	-3.78706449e-06	-8.14539970e-06	8.83010277e-03	8.83009920e-03	-1.96687613e-05	-3.37796187e-06	2.03905476e-06	9.61318374e-06
21              	2.05217299e-02	-3.12202867e-05	-7.11185204e-06	1.37168535e-09	1.00185103e-05	-1.29696565e-05	1.02608663e-02	1.02608636e-02	-2.85797998e-05	-2.64048690e-06	6.46258429e-06	-1.35744363e-05
22              	2.15622543e-02	-1.76995225e-05	-3.88518004e-06	1.11954478e-09	7.40970226e-06	-8.08163864e-06	1.07811283e-02	1.07811260e-02	-1.69313999e-05	-7.68122589e-07	5.46711224e-06	-9.35229228e-06
23              	2.07729610e-02	6.81704316e-07	8.77245728e-06	1.07807766e-09	-3.85522462e-06	-3.90314274e-07	1.03864816e-02	1.03864794e-02	-4.94621163e-08	7.31166432e-07	5.31004020e-07	8.24145326e-06
24              	1.93715354e-02	1.06672071e-05	1.89671823e-05	1.14281499e-09	-1.34202553e-05	3.48307445e-06	9.68576886e-03	9.68576657e-03	8.81667800e-06	1.85052910e-06	-3.93666412e-06	2.29038464e-05
25              	1.85176099e-02	6.02832775e-06	1.73106147e-05	1.21084777e-09	-1.27465969e-05	1.89588915e-06	9.25880618e-03	9.25880376e-03	4.91005303e-06	1.11827472e-06	-4.09128954e-06	2.14019043e-05
26              	1.85756225e-02	-5.64109807e-06	6.90973926e-06	1.18156838e-09	-4.63164135e-06	-2.43506245e-06	9.28781246e-03	9.28781009e-03	-5.25561149e-06	-3.85486584e-07	-1.17677172e-06	8.08651098e-06
27              	1.91741849e-02	-1.55533344e-05	-3.07087099e-06	1.09704436e-09	3.50449213e-06	-5.85596702e-06	9.58709354e-03	9.58709135e-03	-1.36326342e-05	-1.92070019e-06	1.96905664e-06	-5.03992763e-06
28              	1.97057690e-02	-1.73095279e-05	-4.19938504e-06	9.73679342e-10	6.16408314e-06	-6.49219397e-06	9.85288549e-03	9.85288354e-03	-1.51469579e-05	-2.16256996e-06	4.06439062e-06	-8.26377566e-06
29              	1.98248299e-02	-1.13699498e-05	1.93571523e-07	8.94858550e-10	2.94520659e-06	-4.29591418e-06	9.91241585e-03	9.91241406e-03	-9.98088906e-06	-1.38906071e-06	3.04199235e-06	-2.84842083e-06
30              	1.95825241e-02	-3.03318073e-06	5.24443651e-06	8.64862044e-10	-2.36715387e-06	-1.43127144e-06	9.79126291e-03	9.79126118e-03	-2.94786180e-06	-8.53189272e-08	2.55064387e-07	4.98937213e-06
31              	1.92463535e-02	1.79180222e-06	6.63592311e-06	9.26991641e-10	-5.16922301e-06	-1.04567587e-07	9.62317770e-03	9.62317585e-03	7.91333525e-07	1.00046870e-06	-1.85126146e-06	8.48718457e-06
32              	1.90424399e-02	1.11239595e-06	2.99230777e-06	1.02333228e-09	-3.88256230e-06	-8.01322716e-07	9.52122096e-03	9.52121891e-03	-2.45124742e-07	1.35752069e-06	-2.38640842e-06	5.37871619e-06
33              	1.90232368e-02	-3.97316580e-06	-2.21721842e-06	1.08132455e-09	1.44791251e-07	-2.40725834e-06	9.51161946e-03	9.51161730e-03	-4.39384124e-06	4.20675446e-07	-9.63817961e-07	-1.25340046e-06
34              	1.90957684e-02	-8.07740936e-06	-6.61892912e-06	1.09907885e-09	3.19332808e-06	-3.65082427e-06	9.54788530e-03	9.54788310e-03	-7.68952895e-06	-3.87880415e-07	-1.16136477e-07	-6.50279264e-06
35              	1.91337029e-02	-9.18544707e-06	-7.25985720e-06	1.09156102e-09	3.80842782e-06	-3.78830805e-06	9.56685253e-03	9.56685034e-03	-8.38103159e-06	-8.04415488e-07	1.78499219e-07	-7.43835642e-06
36              	1.90752413e-02	-7.08383994e-06	-5.14443785e-06	1.08088674e-09	2.28973600e-06	-3.20153047e-06	9.53762173e-03	9.53761957e-03	-6.74345044e-06	-3.40389503e-07	-2.82482923e-07	-4.86195492e-06
37              	1.89426373e-02	-3.73283097e-06	-2.75466351e-06	1.08450310e-09	2.68367036e-07	-2.50934682e-06	9.47131975e-03	9.47131758e-03	-4.37576230e-06	6.42931333e-07	-1.10896472e-06	-1.64569879e-06
38              	1.87970354e-02	-1.57583440e-06	-1.50961082e-06	1.14758997e-09	-7.53511457e-07	-2.06711878e-06	9.39851883e-03	9.39851654e-03	-2.85503598e-06	1.27920158e-06	-1.50831687e-06	-1.29395374e-09
39              	1.86840959e-02	-1.34427217e-06	-2.15124690e-06	1.22542534e-09	-3.81394910e-07	-2.00519188e-06	9.34204916e-03	9.34204671e-03	-2.67732797e-06	1.33305580e-06	-1.45701836e-06	-6.94228539e-07
40              	1.86097345e-02	-2.52773518e-06	-4.10862200e-06	1.27801028e-09	7.48785083e-07	-2.14650397e-06	9.30486851e-03	9.30486595e-03	-3.41037156e-06	8.82636382e-07	-1.30552592e-06	-2.80309609e-06
41              	1.85507099e-02	-3.87713848e-06	-5.65717385e-06	1.30117977e-09	1.82711153e-06	-2.30979648e-06	9.27535627e-03	9.27535367e-03	-4.24836572e-06	3.71227237e-07	-1.00147539e-06	-4.65569845e-06
42              	1.84800921e-02	-4.31324131e-06	-5.90603096e-06	1.29201063e-09	2.23860707e-06	-2.42863111e-06	9.24004734e-03	9.24004476e-03	-4.58525176e-06	2.72010453e-07	-7.14408414e-07	-5.19162255e-06
43              	1.83862704e-02	-3.98210405e-06	-5.26367525e-06	1.27710096e-09	1.83115704e-06	-2.40510532e-06	9.19313649e-03	9.19313394e-03	-4.39615734e-06	4.14053292e-07	-8.00680588e-07	-4.46299466e-06
44              	1.82756370e-02	-3.26775141e-06	-4.61316518e-06	1.27407328e-09	1.04000750e-06	-2.30064742e-06	9.13781977e-03	9.13781722e-03	-3.93452312e-06	6.66771714e-07	-1.26657509e-06	-3.34659009e-06
45              	1.81625287e-02	-2.78846650e-06	-4.09684770e-06	1.27005521e-09	5.38054623e-07	-2.15102418e-06	9.08126560e-03	9.08126306e-03	-3.54525743e-06	7.56790933e-07	-1.51036923e-06	-2.58647847e-06
46              	1.80573804e-02	-2.70310107e-06	-3.73237142e-06	1.27165888e-09	5.76446934e-07	-2.04577843e-06	9.02869146e-03	9.02868892e-03	-3.39732897e-06	6.94227893e-07	-1.28973877e-06	-2.44263264e-06
47              	1.79615427e-02	-2.99025340e-06	-3.81186797e-06	1.28577525e-09	8.76375698e-07	-1.92328060e-06	8.98077266e-03	8.98077009e-03	-3.41840730e-06	4.28153898e-07	-1.02955829e-06	-2.78230968e-06
48              	1.78696909e-02	-3.22600646e-06	-4.18647712e-06	1.29821460e-09	1.15050468e-06	-1.82146943e-06	8.93484675e-03	8.93484415e-03	-3.43447266e-06	2.08466194e-07	-9.42733879e-07	-3.24374324e-06
49              	1.77756922e-02	-3.15422596e-06	-4.56402044e-06	1.31069613e-09	1.19972768e-06	-1.76612860e-06	8.88784741e-03	8.88784479e-03	-3.34324158e-06	1.89015622e-07	-1.08228254e-06	-3.48173790e-06
50              	1.76769295e-02	-2.92471335e-06	-4.73816570e-06	1.31849071e-09	1.04068348e-06	-1.73846626e-06	8.83846605e-03	8.83846341e-03	-3.20082293e-06	2.76109583e-07	-1.32839937e-06	-3.40976634e-06
51              	1.75748629e-02	-2.72937423e-06	-4.77911843e-06	1.31755126e-09	7.79312443e-07	-1.71354349e-06	8.78743277e-03	8.78743013e-03	-3.07823061e-06	3.48856379e-07	-1.61024677e-06	-3.16887166e-06
52              	1.74727240e-02	-2.68342108e-06	-4.64725463e-06	1.31226205e-09	6.22308904e-07	-1.68821314e-06	8.73636332e-03	8.73636069e-03	-3.02992368e-06	3.46502598e-07	-1.70131841e-06	-2.94593622e-06
53              	1.73729644e-02	-2.73882508e-06	-4.51444640e-06	1.31437788e-09	6.17257046e-07	-1.66306456e-06	8.68648350e-03	8.68648087e-03	-3.03247710e-06	2.93652022e-07	-1.63996615e-06	-2.87448024e-06
54              	1.72760764e-02	-2.78590630e-06	-4.52117086e-06	1.33227535e-09	6.85651530e-07	-1.64262877e-06	8.63803952e-03	8.63803686e-03	-3.03558192e-06	2.49675620e-07	-1.57493390e-06	-2.94623696e-06
55              	1.71810470e-02	-2.78643223e-06	-4.68214065e-06	1.35825372e-09	7.29703887e-07	-1.60662706e-06	8.59052484e-03	8.59052212e-03	-2.99984318e-06	2.13410948e-07	-1.61136644e-06	-3.07077421e-06
56              	1.70866138e-02	-2.69795658e-06	-4.82849048e-06	1.38441854e-09	7.42657945e-07	-1.56003218e-06	8.54330827e-03	8.54330550e-03	-2.90901047e-06	2.11053891e-07	-1.67158730e-06	-3.15690319e-06
57              	1.69921844e-02	-2.55608125e-06	-4.88918475e-06	1.40294204e-09	7.30670925e-07	-1.50860335e-06	8.49609360e-03	8.49609079e-03	-2.78664398e-06	2.30562729e-07	-1.71392145e-06	-3.17526330e-06
58              	1.68980857e-02	-2.40857754e-06	-4.84203440e-06	1.41391043e-09	7.34371546e-07	-1.46244113e-06	8.44904424e-03	8.44904142e-03	-2.66672990e-06	2.58152360e-07	-1.68664566e-06	-3.15538875e-06
59              	1.68050534e-02	-2.31400389e-06	-4.73633860e-06	1.42003826e-09	7.85041393e-07	-1.42398369e-06	8.40252814e-03	8.40252530e-03	-2.58098563e-06	2.66981741e-07	-1.58312791e-06	-3.15321069e-06
60              	1.67136724e-02	-2.27937646e-06	-4.65441644e-06	1.42385000e-09	8.71276957e-07	-1.39411684e-06	8.35683762e-03	8.35683478e-03	-2.53380507e-06	2.54428612e-07	-1.45593126e-06	-3.19848518e-06
61              	1.66240885e-02	-2.26069282e-06	-4.63943299e-06	1.43361421e-09	9.60289336e-07	-1.37592838e-06	8.31204566e-03	8.31204279e-03	-2.50627479e-06	2.45581966e-07	-1.35942716e-06	-3.28000583e-06
62              	1.65361116e-02	-2.20424267e-06	-4.64497255e-06	1.44878607e-09	1.02475649e-06	-1.37261320e-06	8.26805725e-03	8.26805435e-03	-2.47473454e-06	2.70491865e-07	-1.29772979e-06	-3.34724276e-06
63              	1.64495042e-02	-2.15399713e-06	-4.62144843e-06	1.46859193e-09	1.06038907e-06	-1.36489808e-06	8.22475358e-03	8.22475064e-03	-2.44189665e-06	2.87899516e-07	-1.25033514e-06	-3.37111329e-06
64              	1.63641813e-02	-2.12515688e-06	-4.55749393e-06	1.48973279e-09	1.08138421e-06	-1.34721459e-06	8.18209215e-03	8.18208918e-03	-2.40979303e-06	2.84636147e-07	-1.19736276e-06	-3.36013117e-06
65              	1.62802460e-02	-2.09042805e-06	-4.46436558e-06	1.50666998e-09	1.11303589e-06	-1.32571986e-06	8.14012452e-03	8.14012151e-03	-2.37093388e-06	2.80505830e-07	-1.11914690e-06	-3.34521868e-06
66              	1.61979138e-02	-2.03526093e-06	-4.41385693e-06	1.51636654e-09	1.15611146e-06	-1.30504250e-06	8.09895839e-03	8.09895536e-03	-2.32267296e-06	2.87412031e-07	-1.05081701e-06	-3.36303992e-06
67              	1.61173711e-02	-1.96158624e-06	-4.41660849e-06	1.52162588e-09	1.20092985e-06	-1.29073107e-06	8.05868706e-03	8.05868401e-03	-2.27152419e-06	3.09937950e-07	-1.00737439e-06	-3.40923410e-06
68              	1.60386951e-02	-1.88699871e-06	-4.47010952e-06	1.52541772e-09	1.23454181e-06	-1.28428515e-06	8.01934908e-03	8.01934603e-03	-2.22778451e-06	3.40785797e-07	-1.00051296e-06	-3.46959657e-06
69              	1.59618574e-02	-1.82084354e-06	-4.57453725e-06	1.53067510e-09	1.25095747e-06	-1.28628303e-06	7.98093022e-03	7.98092716e-03	-2.19670480e-06	3.75861254e-07	-1.03631116e-06	-3.53822609e-06
70              	1.58867851e-02	-1.76828901e-06	-4.70271265e-06	1.53848492e-09	1.26244445e-06	-1.28562805e-06	7.94339406e-03	7.94339099e-03	-2.16977255e-06	4.01483546e-07	-1.08891188e-06	-3.61380078e-06
71              	1.58134292e-02	-1.72783063e-06	-4.82640620e-06	1.54927086e-09	1.27674602e-06	-1.27473679e-06	7.90671613e-03	7.90671304e-03	-2.13865210e-06	4.10821471e-07	-1.13645708e-06	-3.68994911e-06
72              	1.57417840e-02	-1.68957390e-06	-4.92908990e-06	1.56465452e-09	1.28657085e-06	-1.25764913e-06	7.87089357e-03	7.87089044e-03	-2.10243608e-06	4.12862178e-07	-1.17797410e-06	-3.75111580e-06
73              	1.56718913e-02	-1.63821285e-06	-4.99892714e-06	1.58181311e-09	1.29266862e-06	-1.24463148e-06	7.83594722e-03	7.83594406e-03	-2.06373790e-06	4.25525052e-07	-1.20679495e-06	-3.79213219e-06
74              	1.56038150e-02	-1.57300144e-06	-5.04919999e-06	1.59754472e-09	1.29349873e-06	-1.24002349e-06	7.80190911e-03	7.80190592e-03	-2.02652421e-06	4.53522772e-07	-1.23110126e-06	-3.81809873e-06
75              	1.55376056e-02	-1.50814666e-06	-5.08561805e-06	1.61149007e-09	1.28724278e-06	-1.23920995e-06	7.76880442e-03	7.76880120e-03	-1.99328328e-06	4.85136622e-07	-1.25556625e-06	-3.83005180e-06
76              	1.54732874e-02	-1.45011895e-06	-5.12674682e-06	1.62117889e-09	1.27934033e-06	-1.23576042e-06	7.73664535e-03	7.73664210e-03	-1.96081989e-06	5.10700941e-07	-1.28403308e-06	-3.84271373e-06
77              	1.54108586e-02	-1.39698994e-06	-5.18774589e-06	1.62806384e-09	1.27472467e-06	-1.22924980e-06	7.70543094e-03	7.70542768e-03	-1.92774477e-06	5.30754828e-07	-1.31914828e-06	-3.86859761e-06
78              	1.53502916e-02	-1.33354175e-06	-5.25632568e-06	1.63294535e-09	1.27617917e-06	-1.22071844e-06	7.67514743e-03	7.67514416e-03	-1.88748931e-06	5.53947563e-07	-1.35198367e-06	-3.90434201e-06
79              	1.52915422e-02	-1.25835037e-06	-5.30470801e-06	1.63764953e-09	1.28129847e-06	-1.21098794e-06	7.64577273e-03	7.64576946e-03	-1.84016313e-06	5.81812758e-07	-1.37105553e-06	-3.93365248e-06
80              	1.52345714e-02	-1.19174077e-06	-5.31598542e-06	1.64274412e-09	1.28957396e-06	-1.20182758e-06	7.61728737e-03	7.61728408e-03	-1.79769797e-06	6.05957199e-07	-1.36841875e-06	-3.94756667e-06
81              	1.51793507e-02	-1.15439669e-06	-5.28543693e-06	1.64728142e-09	1.30377891e-06	-1.19301225e-06	7.58967701e-03	7.58967371e-03	-1.77021059e-06	6.15813898e-07	-1.33893956e-06	-3.94649737e-06
82              	1.51258604e-02	-1.13771472e-06	-5.24846851e-06	1.65169153e-09	1.32080658e-06	-1.18454708e-06	7.56293186e-03	7.56292856e-03	-1.75340444e-06	6.15689726e-07	-1.30342768e-06	-3.94504083e-06
83              	1.50740908e-02	-1.12428376e-06	-5.21796934e-06	1.65640266e-09	1.33627799e-06	-1.17867858e-06	7.53704707e-03	7.53704376e-03	-1.74082047e-06	6.16536703e-07	-1.27270668e-06	-3.94526266e-06
84              	1.50240354e-02	-1.10062223e-06	-5.19673087e-06	1.66093677e-09	1.35121934e-06	-1.17358391e-06	7.51201935e-03	7.51201602e-03	-1.72389503e-06	6.23272796e-07	-1.24714609e-06	-3.94958478e-06
85              	1.49756792e-02	-1.06471877e-06	-5.17917340e-06	1.66531153e-09	1.36578052e-06	-1.16505008e-06	7.48784128e-03	7.48783795e-03	-1.69740946e-06	6.32690698e-07	-1.22380618e-06	-3.95536722e-06
86              	1.49289978e-02	-1.02969144e-06	-5.15422638e-06	1.66929017e-09	1.38342667e-06	-1.14983622e-06	7.46450059e-03	7.46449725e-03	-1.66468195e-06	6.34990503e-07	-1.19368652e-06	-3.96053986e-06
87              	1.48839590e-02	-9.98849161e-07	-5.11946612e-06	1.67321205e-09	1.40437719e-06	-1.12509685e-06	7.44198119e-03	7.44197785e-03	-1.62452143e-06	6.25672269e-07	-1.15535587e-06	-3.96411025e-06
88              	1.48405217e-02	-9.76785164e-07	-5.07643214e-06	1.67624118e-09	1.42327934e-06	-1.09695175e-06	7.42026253e-03	7.42025918e-03	-1.58534434e-06	6.08559171e-07	-1.11493673e-06	-3.96149541e-06
89              	1.47986483e-02	-9.65664310e-07	-5.04115870e-06	1.67933991e-09	1.43930375e-06	-1.07266888e-06	7.39932585e-03	7.39932249e-03	-1.55550103e-06	5.89836723e-07	-1.08127560e-06	-3.95988310e-06
90              	1.47583000e-02	-9.59498358e-07	-5.02975726e-06	1.68316540e-09	1.45159418e-06	-1.05709349e-06	7.37915168e-03	7.37914832e-03	-1.53684267e-06	5.77344313e-07	-1.06328445e-06	-3.96647281e-06
91              	1.47194374e-02	-9.51010027e-07	-5.03907924e-06	1.68763221e-09	1.45862083e-06	-1.04705874e-06	7.35972038e-03	7.35971701e-03	-1.52256375e-06	5.71553723e-07	-1.06091879e-06	-3.97816045e-06
92              	1.46820248e-02	-9.44173291e-07	-5.04699940e-06	1.69245608e-09	1.46198240e-06	-1.03554853e-06	7.34101410e-03	7.34101071e-03	-1.50763517e-06	5.63461884e-07	-1.06151730e-06	-3.98548210e-06
93              	1.46460300e-02	-9.36818352e-07	-5.05268386e-06	1.69697011e-09	1.46438420e-06	-1.01827691e-06	7.32301671e-03	7.32301332e-03	-1.48668609e-06	5.49867734e-07	-1.06195773e-06	-3.99072613e-06
94              	1.46114213e-02	-9.23474499e-07	-5.05313396e-06	1.70168314e-09	1.46723554e-06	-9.97443468e-07	7.30571237e-03	7.30570897e-03	-1.45918072e-06	5.35706218e-07	-1.05933144e-06	-3.99380252e-06
95              	1.45781691e-02	-9.05927085e-07	-5.05601757e-06	1.70575538e-09	1.46973275e-06	-9.75289324e-07	7.28908624e-03	7.28908283e-03	-1.42825287e-06	5.22325782e-07	-1.05827604e-06	-3.99774154e-06
96              	1.45462427e-02	-8.84513447e-07	-5.06821824e-06	1.70867271e-09	1.46961295e-06	-9.54713991e-07	7.27312307e-03	7.27311966e-03	-1.39697071e-06	5.12457267e-07	-1.06449617e-06	-4.00372207e-06
97              	1.45156109e-02	-8.59906981e-07	-5.09633023e-06	1.71161566e-09	1.46657017e-06	-9.34657060e-07	7.25780717e-03	7.25780375e-03	-1.36461055e-06	5.04703569e-07	-1.08159495e-06	-4.01473528e-06
98              	1.44862384e-02	-8.30724770e-07	-5.13299226e-06	1.71463457e-09	1.46486283e-06	-9.12494415e-07	7.24312092e-03	7.24311749e-03	-1.32785680e-06	4.97132030e-07	-1.10163330e-06	-4.03135896e-06
99              	1.44580867e-02	-7.97815502e-07	-5.16739108e-06	1.71800697e-09	1.46533768e-06	-8.88470102e-07	7.22904507e-03	7.22904163e-03	-1.28737785e-06	4.89562351e-07	-1.11835787e-06	-4.04903322e-06
100             	1.44311328e-02	-7.60057938e-07	-5.18945221e-06	1.72079776e-09	1.46546394e-06	-8.65171191e-07	7.21556811e-03	7.21556467e-03	-1.24520016e-06	4.85142221e-07	-1.12926217e-06	-4.06019004e-06
101             	1.44053588e-02	-7.20191862e-07	-5.19682039e-06	1.72355496e-09	1.46553735e-06	-8.43951656e-07	7.20268114e-03	7.20267769e-03	-1.20404759e-06	4.83855725e-07	-1.13287284e-06	-4.06394755e-06
102             	1.43807305e-02	-6.80568042e-07	-5.18837476e-06	1.72637191e-09	1.46464683e-06	-8.23700580e-07	7.19036699e-03	7.19036354e-03	-1.16398460e-06	4.83416560e-07	-1.12954055e-06	-4.05883421e-06
103             	1.43572139e-02	-6.40734732e-07	-5.17316330e-06	1.72918454e-09	1.46053466e-06	-8.02958199e-07	7.17860867e-03	7.17860522e-03	-1.12332557e-06	4.82590833e-07	-1.12604699e-06	-4.04711632e-06
104             	1.43347744e-02	-5.97294111e-07	-5.15597078e-06	1.73246967e-09	1.45416249e-06	-7.81328047e-07	7.16738894e-03	7.16738547e-03	-1.07997510e-06	4.82680991e-07	-1.12382290e-06	-4.03214788e-06
105             	1.43133768e-02	-5.50446567e-07	-5.13359500e-06	1.73629429e-09	1.44770376e-06	-7.58377899e-07	7.15669016e-03	7.15668669e-03	-1.03360118e-06	4.83154616e-07	-1.11909374e-06	-4.01450126e-06
106             	1.42929829e-02	-4.98865374e-07	-5.10673138e-06	1.74069296e-09	1.44229257e-06	-7.36364065e-07	7.14649317e-03	7.14648969e-03	-9.85796752e-07	4.86931378e-07	-1.11107312e-06	-3.99565827e-06
107             	1.42735528e-02	-4.42921171e-07	-5.08139430e-06	1.74510247e-09	1.44055670e-06	-7.15187061e-07	7.13677812e-03	7.13677463e-03	-9.36647647e-07	4.93726475e-07	-1.10014045e-06	-3.98125386e-06
108             	1.42550465e-02	-3.87704406e-07	-5.05743559e-06	1.74963089e-09	1.44197278e-06	-6.92638578e-07	7.12752502e-03	7.12752152e-03	-8.86490781e-07	4.98786375e-07	-1.08674502e-06	-3.97069058e-06
109             	1.42374257e-02	-3.30666778e-07	-5.03284729e-06	1.75413390e-09	1.44204566e-06	-6.68169249e-07	7.11871461e-03	7.11871110e-03	-8.33502638e-07	5.02835861e-07	-1.07437798e-06	-3.95846931e-06
110             	1.42206531e-02	-2.69407773e-07	-4.99909262e-06	1.75850609e-09	1.43559967e-06	-6.42961088e-07	7.11032831e-03	7.11032479e-03	-7.77664975e-07	5.08257202e-07	-1.06394664e-06	-3.93514598e-06
111             	1.42046918e-02	-2.07815105e-07	-4.94303424e-06	1.76236402e-09	1.42249238e-06	-6.16787251e-07	7.10234765e-03	7.10234413e-03	-7.20694804e-07	5.12879699e-07	-1.04902474e-06	-3.89400951e-06
112             	1.41895056e-02	-1.43302970e-07	-4.87362157e-06	1.76662062e-09	1.40726588e-06	-5.90786819e-07	7.09475456e-03	7.09475103e-03	-6.62438304e-07	5.19135334e-07	-1.02954491e-06	-3.84407667e-06
113             	1.41750581e-02	-8.02458847e-08	-4.80955728e-06	1.77090966e-09	1.39287433e-06	-5.67307682e-07	7.08753080e-03	7.08752726e-03	-6.07430625e-07	5.27184740e-07	-1.01190431e-06	-3.79765297e-06
114             	1.41613123e-02	-2.52918073e-08	-4.75910639e-06	1.77468161e-09	1.38293658e-06	-5.45437306e-07	7.08065794e-03	7.08065439e-03	-5.58083210e-07	5.32791403e-07	-9.96616619e-07	-3.76248977e-06
115             	1.41482327e-02	2.60157708e-08	-4.72621606e-06	1.77819510e-09	1.37698044e-06	-5.22837141e-07	7.07411813e-03	7.07411457e-03	-5.09829256e-07	5.35845027e-07	-9.86127596e-07	-3.74008847e-06
116             	1.41357841e-02	8.40183494e-08	-4.70458928e-06	1.78168787e-09	1.36976962e-06	-4.98965456e-07	7.06789385e-03	7.06789029e-03	-4.56956282e-07	5.40974631e-07	-9.82525020e-07	-3.72206426e-06
117             	1.41239320e-02	1.46036678e-07	-4.67516717e-06	1.78559116e-09	1.35743083e-06	-4.73855476e-07	7.06196776e-03	7.06196419e-03	-4.00837137e-07	5.46873814e-07	-9.80152749e-07	-3.69501442e-06
118             	1.41126419e-02	2.09850629e-07	-4.63053391e-06	1.78966629e-09	1.33808492e-06	-4.49183843e-07	7.05632275e-03	7.05631917e-03	-3.44258528e-07	5.54109158e-07	-9.77182030e-07	-3.65335188e-06
119             	1.41018805e-02	2.74503854e-07	-4.57720867e-06	1.79350306e-09	1.31327692e-06	-4.25118641e-07	7.05094205e-03	7.05093846e-03	-2.87866714e-07	5.62370568e-07	-9.75327419e-07	-3.60188126e-06
120             	1.40916145e-02	3.32058161e-07	-4.52428021e-06	1.79734508e-09	1.28655647e-06	-4.03252668e-07	7.04580906e-03	7.04580546e-03	-2.37223587e-07	5.69281748e-07	-9.75583629e-07	-3.54869658e-06
121             	1.40818145e-02	3.86385392e-07	-4.47736340e-06	1.80086468e-09	1.26203708e-06	-3.83285558e-07	7.04090903e-03	7.04090543e-03	-1.90092862e-07	5.76478254e-07	-9.76644620e-07	-3.50071878e-06
122             	1.40724515e-02	4.36575549e-07	-4.44631469e-06	1.80480595e-09	1.24233157e-06	-3.64675834e-07	7.03622753e-03	7.03622393e-03	-1.46388059e-07	5.82963608e-07	-9.80825779e-07	-3.46548891e-06
123             	1.40634982e-02	4.86899541e-07	-4.41976334e-06	1.80884039e-09	1.22382956e-06	-3.45857251e-07	7.03175091e-03	7.03174729e-03	-1.02407481e-07	5.89307022e-07	-9.86052108e-07	-3.43371123e-06
124             	1.40549284e-02	5.41687499e-07	-4.38764048e-06	1.81262183e-09	1.20121404e-06	-3.25211654e-07	7.02746599e-03	7.02746237e-03	-5.43679041e-08	5.96055403e-07	-9.92606201e-07	-3.39503428e-06
125             	1.40467156e-02	6.00081837e-07	-4.34529459e-06	1.81642570e-09	1.17374587e-06	-3.03559778e-07	7.02335961e-03	7.02335597e-03	-3.51885936e-09	6.03600697e-07	-9.98901427e-07	-3.34639316e-06
126             	1.40388342e-02	6.58951282e-07	-4.29716887e-06	1.82006502e-09	1.14289961e-06	-2.82882463e-07	7.01941892e-03	7.01941528e-03	4.65931773e-08	6.12358104e-07	-1.00568482e-06	-3.29148404e-06
127             	1.40312611e-02	7.16552225e-07	-4.24599874e-06	1.82283346e-09	1.11146171e-06	-2.64317664e-07	7.01563236e-03	7.01562872e-03	9.39584484e-08	6.22593777e-07	-1.01153767e-06	-3.23446108e-06
128             	1.40239765e-02	7.70938134e-07	-4.20240402e-06	1.82533118e-09	1.08091915e-06	-2.46747750e-07	7.01199010e-03	7.01198645e-03	1.38721317e-07	6.32216817e-07	-1.02028286e-06	-3.18212115e-06
129             	1.40169610e-02	8.20934353e-07	-4.16782957e-06	1.82737882e-09	1.05050247e-06	-2.29665847e-07	7.00848230e-03	7.00847865e-03	1.80801329e-07	6.40133023e-07	-1.03341232e-06	-3.13441725e-06
130             	1.40101963e-02	8.67397365e-07	-4.13233852e-06	1.82967449e-09	1.01904420e-06	-2.13147649e-07	7.00510000e-03	7.00509634e-03	2.20551034e-07	6.46846332e-07	-1.04712506e-06	-3.08521346e-06
131             	1.40036649e-02	9.11196992e-07	-4.09327884e-06	1.83195839e-09	9.85716566e-07	-1.97286183e-07	7.00183427e-03	7.00183060e-03	2.58312312e-07	6.52884679e-07	-1.06092286e-06	-3.03235599e-06
132             	1.39973488e-02	9.56176289e-07	-4.05169833e-06	1.83480533e-09	9.49983514e-07	-1.81904033e-07	6.99867622e-03	6.99867255e-03	2.96184111e-07	6.59992177e-07	-1.07586565e-06	-2.97583268e-06
133             	1.39912322e-02	9.98907302e-07	-4.00894681e-06	1.83730228e-09	9.12355045e-07	-1.66601518e-07	6.99561794e-03	6.99561427e-03	3.32852133e-07	6.66055169e-07	-1.09211836e-06	-2.91682845e-06
134             	1.39853014e-02	1.03920470e-06	-3.96400220e-06	1.83963700e-09	8.73679127e-07	-1.51602064e-07	6.99265255e-03	6.99264887e-03	3.68000288e-07	6.71204417e-07	-1.10832197e-06	-2.85568023e-06
135             	1.39795439e-02	1.07851476e-06	-3.91823018e-06	1.84228902e-09	8.34055662e-07	-1.36723790e-07	6.98977381e-03	6.98977012e-03	4.02533587e-07	6.75981168e-07	-1.12505943e-06	-2.79317075e-06
136             	1.39739488e-02	1.11657143e-06	-3.87127302e-06	1.84504429e-09	7.93457055e-07	-1.22266725e-07	6.98697622e-03	6.98697253e-03	4.36018990e-07	6.80552441e-07	-1.14217946e-06	-2.72909357e-06
137             	1.39685048e-02	1.15089621e-06	-3.82126177e-06	1.84752566e-09	7.52321208e-07	-1.08175925e-07	6.98425426e-03	6.98425056e-03	4.67272178e-07	6.83624029e-07	-1.15830968e-06	-2.66295209e-06
138             	1.39632003e-02	1.17976401e-06	-3.77002633e-06	1.84961564e-09	7.10177093e-07	-9.51469475e-08	6.98160202e-03	6.98159832e-03	4.94735057e-07	6.85028952e-07	-1.17483607e-06	-2.59519026e-06
139             	1.39580257e-02	1.20592404e-06	-3.72004345e-06	1.85119134e-09	6.67378863e-07	-8.26439027e-08	6.97901470e-03	6.97901099e-03	5.20318118e-07	6.85605923e-07	-1.19264286e-06	-2.52740059e-06
140             	1.39529725e-02	1.22811239e-06	-3.67041569e-06	1.85241076e-09	6.25240613e-07	-7.10603344e-08	6.97648810e-03	6.97648439e-03	5.42995861e-07	6.85116530e-07	-1.20996723e-06	-2.46044846e-06
141             	1.39480327e-02	1.24790864e-06	-3.62138021e-06	1.85339357e-09	5.84691731e-07	-5.99780585e-08	6.97401821e-03	6.97401451e-03	5.63976264e-07	6.83932381e-07	-1.22599837e-06	-2.39538184e-06
142             	1.39431996e-02	1.26633637e-06	-3.57201953e-06	1.85429426e-09	5.45733725e-07	-4.94116070e-08	6.97160166e-03	6.97159795e-03	5.83756577e-07	6.82579791e-07	-1.24027604e-06	-2.33174349e-06
143             	1.39384655e-02	1.28289455e-06	-3.52021024e-06	1.85532546e-09	5.07214685e-07	-3.91241065e-08	6.96923459e-03	6.96923088e-03	6.02323167e-07	6.80571380e-07	-1.25289043e-06	-2.26731980e-06
144             	1.39338228e-02	1.29748232e-06	-3.46450154e-06	1.85695628e-09	4.67155975e-07	-2.89128072e-08	6.96691328e-03	6.96690957e-03	6.19828355e-07	6.77653970e-07	-1.26509479e-06	-2.19940674e-06
145             	1.39292639e-02	1.30871619e-06	-3.40588068e-06	1.85902171e-09	4.26747111e-07	-1.95112874e-08	6.96463383e-03	6.96463011e-03	6.34846807e-07	6.73869382e-07	-1.27619323e-06	-2.12968745e-06
146             	1.39247817e-02	1.31676858e-06	-3.34732985e-06	1.86099106e-09	3.88618333e-07	-1.16404053e-08	6.96239273e-03	6.96238901e-03	6.46743882e-07	6.70024693e-07	-1.28504659e-06	-2.06228326e-06
147             	1.39203712e-02	1.32416222e-06	-3.28528378e-06	1.86263117e-09	3.53441283e-07	-4.66127142e-09	6.96018747e-03	6.96018375e-03	6.57419840e-07	6.66742383e-07	-1.28920061e-06	-1.99608317e-06
148             	1.39160277e-02	1.32876770e-06	-3.21862835e-06	1.86430906e-09	3.19738824e-07	1.76092968e-09	6.95801573e-03	6.95801200e-03	6.66144779e-07	6.62622920e-07	-1.28957535e-06	-1.92905300e-06
149             	1.39117458e-02	1.33115697e-06	-3.14860025e-06	1.86610807e-09	2.86662285e-07	7.76186462e-09	6.95587475e-03	6.95587102e-03	6.73340349e-07	6.57816619e-07	-1.28763784e-06	-1.86096241e-06
150             	1.39075210e-02	1.33264630e-06	-3.07775911e-06	1.86828890e-09	2.54485202e-07	1.33102693e-08	6.95376236e-03	6.95375863e-03	6.79633419e-07	6.53012881e-07	-1.28439435e-06	-1.79336475e-06
151             	1.39033471e-02	1.33444711e-06	-3.00794052e-06	1.87049236e-09	2.23370650e-07	1.83826566e-08	6.95167542e-03	6.95167167e-03	6.85606212e-07	6.48840899e-07	-1.28059961e-06	-1.72734091e-06
152             	1.38992196e-02	1.33586630e-06	-2.93790775e-06	1.87283391e-09	1.93530047e-07	2.33805557e-08	6.94961168e-03	6.94960794e-03	6.91313706e-07	6.44552595e-07	-1.27542383e-06	-1.66248392e-06
153             	1.38951340e-02	1.33739804e-06	-2.86827760e-06	1.87502535e-09	1.65327535e-07	2.79142050e-08	6.94756887e-03	6.94756512e-03	6.96613224e-07	6.40784814e-07	-1.26881126e-06	-1.59946634e-06
154             	1.38910871e-02	1.33776033e-06	-2.79976395e-06	1.87721663e-09	1.39273581e-07	3.14822462e-08	6.94554543e-03	6.94554167e-03	7.00362413e-07	6.37397921e-07	-1.26060839e-06	-1.53915556e-06
155             	1.38870773e-02	1.33754169e-06	-2.73294128e-06	1.87958125e-09	1.16033662e-07	3.42759028e-08	6.94354052e-03	6.94353676e-03	7.03046745e-07	6.34494940e-07	-1.25043698e-06	-1.48250430e-06
156             	1.38831023e-02	1.33481158e-06	-2.66631643e-06	1.88169944e-09	9.40963546e-08	3.64791379e-08	6.94155303e-03	6.94154927e-03	7.03884926e-07	6.30926651e-07	-1.23906186e-06	-1.42725457e-06
157             	1.38791580e-02	1.32859959e-06	-2.59789300e-06	1.88380874e-09	7.20706390e-08	3.73593961e-08	6.93958086e-03	6.93957709e-03	7.01659192e-07	6.26940400e-07	-1.22687586e-06	-1.37101714e-06
158             	1.38752394e-02	1.32306624e-06	-2.53144570e-06	1.88597407e-09	5.10793959e-08	3.77833078e-08	6.93762160e-03	6.93761783e-03	6.99316426e-07	6.23749810e-07	-1.21464345e-06	-1.31680225e-06
159             	1.38713436e-02	1.31813414e-06	-2.46845577e-06	1.88856871e-09	3.13724416e-08	3.82632932e-08	6.93567371e-03	6.93566994e-03	6.97330362e-07	6.20803776e-07	-1.20285544e-06	-1.26560032e-06
160             	1.38674693e-02	1.31654551e-06	-2.40696991e-06	1.89109551e-09	1.24740121e-08	3.93757430e-08	6.93373653e-03	6.93373275e-03	6.97648500e-07	6.18897014e-07	-1.19101094e-06	-1.21595897e-06
161             	1.38636160e-02	1.31640314e-06	-2.34611578e-06	1.89357286e-09	-5.84203764e-09	4.08039404e-08	6.93180989e-03	6.93180610e-03	6.99005510e-07	6.17397629e-07	-1.17889993e-06	-1.16721585e-06
162             	1.38597826e-02	1.31567524e-06	-2.28553996e-06	1.89600941e-09	-2.36503167e-08	4.21679972e-08	6.92989319e-03	6.92988940e-03	7.00005617e-07	6.15669622e-07	-1.16642029e-06	-1.11911966e-06
163             	1.38559670e-02	1.31562035e-06	-2.22871289e-06	1.89848606e-09	-4.09150643e-08	4.35850270e-08	6.92798542e-03	6.92798162e-03	7.01395202e-07	6.14225148e-07	-1.15527151e-06	-1.07344138e-06
164             	1.38521663e-02	1.31744122e-06	-2.17677727e-06	1.90100706e-09	-5.71225166e-08	4.56374969e-08	6.92608507e-03	6.92608126e-03	7.04358105e-07	6.13083111e-07	-1.14551115e-06	-1.03126612e-06
165             	1.38483787e-02	1.31887264e-06	-2.13015600e-06	1.90338903e-09	-7.20562742e-08	4.79978877e-08	6.92419126e-03	6.92418745e-03	7.07434208e-07	6.11438432e-07	-1.13713428e-06	-9.93021727e-07
166             	1.38446029e-02	1.32145792e-06	-2.08799289e-06	1.90584433e-09	-8.57443509e-08	5.02012241e-08	6.92230336e-03	6.92229955e-03	7.10930182e-07	6.10527734e-07	-1.12974079e-06	-9.58252092e-07
167             	1.38408388e-02	1.32447818e-06	-2.04839402e-06	1.90831723e-09	-9.87636623e-08	5.20264308e-08	6.92042131e-03	6.92041749e-03	7.14265520e-07	6.10212659e-07	-1.12296067e-06	-9.25433347e-07
168             	1.38370874e-02	1.32832507e-06	-2.00944981e-06	1.91084998e-09	-1.11984940e-07	5.40378305e-08	6.91854563e-03	6.91854181e-03	7.18200364e-07	6.10124703e-07	-1.11670984e-06	-8.92739963e-07
169             	1.38333489e-02	1.33311738e-06	-1.97186563e-06	1.91319952e-09	-1.25367264e-07	5.64229960e-08	6.91667636e-03	6.91667253e-03	7.22981688e-07	6.10135696e-07	-1.11130008e-06	-8.60565552e-07
170             	1.38296217e-02	1.33697000e-06	-1.93723010e-06	1.91557138e-09	-1.38600580e-07	5.86578277e-08	6.91481278e-03	6.91480895e-03	7.27142827e-07	6.09827171e-07	-1.10721563e-06	-8.30014468e-07
171             	1.38259044e-02	1.33951961e-06	-1.90624054e-06	1.91768903e-09	-1.51058919e-07	6.03762248e-08	6.91295414e-03	6.91295031e-03	7.30136032e-07	6.09383582e-07	-1.10417919e-06	-8.02061350e-07
172             	1.38221962e-02	1.34220202e-06	-1.88016468e-06	1.91964111e-09	-1.62648086e-07	6.17249263e-08	6.91110001e-03	6.91109617e-03	7.32825934e-07	6.09376082e-07	-1.10273043e-06	-7.77434254e-07
173             	1.38184972e-02	1.34668717e-06	-1.85737727e-06	1.92144910e-09	-1.73392340e-07	6.32813866e-08	6.90925054e-03	6.90924670e-03	7.36624974e-07	6.10062200e-07	-1.10208098e-06	-7.55296296e-07
174             	1.38148081e-02	1.35066905e-06	-1.83771251e-06	1.92308367e-09	-1.83541669e-07	6.43406720e-08	6.90740596e-03	6.90740211e-03	7.39675199e-07	6.10993855e-07	-1.10239793e-06	-7.35314589e-07
175             	1.38111293e-02	1.35203562e-06	-1.81912920e-06	1.92464120e-09	-1.93076650e-07	6.45878378e-08	6.90556660e-03	6.90556275e-03	7.40605648e-07	6.11429972e-07	-1.10264125e-06	-7.16487951e-07
176             	1.38074614e-02	1.35248927e-06	-1.80088199e-06	1.92605684e-09	-2.02338014e-07	6.46897144e-08	6.90373261e-03	6.90372876e-03	7.40934348e-07	6.11554919e-07	-1.10277901e-06	-6.98102978e-07
177             	1.38038035e-02	1.35472314e-06	-1.78356042e-06	1.92760598e-09	-2.11439022e-07	6.53808051e-08	6.90190368e-03	6.90189982e-03	7.42742377e-07	6.11980767e-07	-1.10321923e-06	-6.80341188e-07
178             	1.38001563e-02	1.35885826e-06	-1.77041730e-06	1.92908540e-09	-2.19666171e-07	6.67915806e-08	6.90008008e-03	6.90007622e-03	7.46220709e-07	6.12637548e-07	-1.10487482e-06	-6.65542477e-07
179             	1.37965194e-02	1.36512787e-06	-1.76023712e-06	1.93058220e-09	-2.27029663e-07	6.87230099e-08	6.89826163e-03	6.89825777e-03	7.51286943e-07	6.13840923e-07	-1.10714822e-06	-6.53088897e-07
180             	1.37928926e-02	1.37155983e-06	-1.75185944e-06	1.93197356e-09	-2.33486058e-07	7.05261754e-08	6.89644825e-03	6.89644439e-03	7.56306089e-07	6.15253738e-07	-1.10941578e-06	-6.42443661e-07
181             	1.37892764e-02	1.37559457e-06	-1.74276793e-06	1.93339497e-09	-2.39636926e-07	7.16948477e-08	6.89464015e-03	6.89463628e-03	7.59492133e-07	6.16102438e-07	-1.11102089e-06	-6.31747041e-07
182             	1.37856715e-02	1.37950777e-06	-1.73366774e-06	1.93469347e-09	-2.45815447e-07	7.26793603e-08	6.89283767e-03	6.89283381e-03	7.62433246e-07	6.17074525e-07	-1.11264932e-06	-6.21018425e-07
183             	1.37820786e-02	1.38433847e-06	-1.72408105e-06	1.93591959e-09	-2.52365693e-07	7.38325455e-08	6.89104122e-03	6.89103735e-03	7.66001780e-07	6.18336689e-07	-1.11440622e-06	-6.09674834e-07
184             	1.37784981e-02	1.39024333e-06	-1.71604503e-06	1.93691196e-09	-2.58867300e-07	7.51718744e-08	6.88925099e-03	6.88924711e-03	7.70293541e-07	6.19949792e-07	-1.11688981e-06	-5.99155215e-07
185             	1.37749297e-02	1.39620915e-06	-1.71116568e-06	1.93778424e-09	-2.64504687e-07	7.64402108e-08	6.88746680e-03	6.88746292e-03	7.74544786e-07	6.21664365e-07	-1.12008753e-06	-5.91078152e-07
186             	1.37713737e-02	1.40121733e-06	-1.70730351e-06	1.93850822e-09	-2.69673528e-07	7.75792133e-08	6.88568877e-03	6.88568490e-03	7.78187877e-07	6.23029451e-07	-1.12332528e-06	-5.83978226e-07
187             	1.37678305e-02	1.40494929e-06	-1.70305523e-06	1.93925675e-09	-2.74824297e-07	7.85050669e-08	6.88391721e-03	6.88391333e-03	7.80979710e-07	6.23969576e-07	-1.12635191e-06	-5.76703320e-07
188             	1.37643008e-02	1.40854984e-06	-1.69808170e-06	1.94004435e-09	-2.80069077e-07	7.91484414e-08	6.88215236e-03	6.88214848e-03	7.83423363e-07	6.25126480e-07	-1.12910993e-06	-5.68971773e-07
189             	1.37607852e-02	1.41288364e-06	-1.69195245e-06	1.94062836e-09	-2.85573677e-07	7.96674182e-08	6.88039454e-03	6.88039065e-03	7.86109237e-07	6.26774401e-07	-1.13154990e-06	-5.60402550e-07
190             	1.37572843e-02	1.41786724e-06	-1.68653525e-06	1.94118860e-09	-2.91182766e-07	8.02283612e-08	6.87864411e-03	6.87864022e-03	7.89161980e-07	6.28705257e-07	-1.13445039e-06	-5.52084859e-07
191             	1.37537987e-02	1.42243563e-06	-1.68112921e-06	1.94167000e-09	-2.97265368e-07	8.08991597e-08	6.87690128e-03	6.87689740e-03	7.92116973e-07	6.30318654e-07	-1.13782997e-06	-5.43299237e-07
192             	1.37503291e-02	1.42610580e-06	-1.67685172e-06	1.94217233e-09	-3.03488697e-07	8.16070192e-08	6.87516648e-03	6.87516259e-03	7.94659919e-07	6.31445880e-07	-1.14191455e-06	-5.34937161e-07
193             	1.37468765e-02	1.42966225e-06	-1.67560047e-06	1.94279217e-09	-3.08472739e-07	8.25068126e-08	6.87344020e-03	6.87343631e-03	7.97337937e-07	6.32324312e-07	-1.14627297e-06	-5.29327497e-07
194             	1.37434409e-02	1.43373135e-06	-1.67675435e-06	1.94331699e-09	-3.12119616e-07	8.34587487e-08	6.87172239e-03	6.87171851e-03	8.00324424e-07	6.33406927e-07	-1.15049679e-06	-5.26257557e-07
195             	1.37400215e-02	1.43856858e-06	-1.67857457e-06	1.94374303e-09	-3.15533519e-07	8.42962929e-08	6.87001271e-03	6.87000882e-03	8.03580584e-07	6.34987999e-07	-1.15482081e-06	-5.23753768e-07
196             	1.37366185e-02	1.44190332e-06	-1.67892609e-06	1.94425493e-09	-3.19895748e-07	8.49313443e-08	6.86831120e-03	6.86830731e-03	8.05883004e-07	6.36020316e-07	-1.15935879e-06	-5.19567296e-07
197             	1.37332330e-02	1.44397896e-06	-1.67753615e-06	1.94488338e-09	-3.25365296e-07	8.55254393e-08	6.86661844e-03	6.86661455e-03	8.07514920e-07	6.36464042e-07	-1.16413337e-06	-5.13402779e-07
198             	1.37298668e-02	1.44621168e-06	-1.67587526e-06	1.94553775e-09	-3.31102819e-07	8.60780515e-08	6.86493534e-03	6.86493144e-03	8.09183890e-07	6.37027787e-07	-1.16904045e-06	-5.06834810e-07
199             	1.37265206e-02	1.44963502e-06	-1.67479292e-06	1.94611677e-09	-3.36303773e-07	8.70382457e-08	6.86326225e-03	6.86325836e-03	8.11855758e-07	6.37779267e-07	-1.17370023e-06	-5.01092689e-07
200             	1.37231936e-02	1.45099650e-06	-1.67198729e-06	1.94664235e-09	-3.42530023e-07	8.70925777e-08	6.86159876e-03	6.86159487e-03	8.12590827e-07	6.38405671e-07	-1.17852367e-06	-4.93463622e-07
201             	1.37198870e-02	1.45057715e-06	-1.66528824e-06	1.94725008e-09	-3.50734259e-07	8.67471248e-08	6.85994543e-03	6.85994153e-03	8.12035698e-07	6.38541449e-07	-1.18337838e-06	-4.81909862e-07
202             	1.37166021e-02	1.44967217e-06	-1.65705814e-06	1.94779816e-09	-3.59523620e-07	8.65355005e-08	6.85830300e-03	6.85829910e-03	8.11371585e-07	6.38300584e-07	-1.18805269e-06	-4.69005449e-07
203             	1.37133398e-02	1.44905614e-06	-1.64989816e-06	1.94826397e-09	-3.67316098e-07	8.67540371e-08	6.85667184e-03	6.85666795e-03	8.11282106e-07	6.37774031e-07	-1.19226518e-06	-4.57632982e-07
204             	1.37101004e-02	1.44958589e-06	-1.64536970e-06	1.94881307e-09	-3.73571773e-07	8.73522025e-08	6.85505216e-03	6.85504827e-03	8.12145149e-07	6.37440744e-07	-1.19625662e-06	-4.49113076e-07
205             	1.37068836e-02	1.45204983e-06	-1.64299986e-06	1.94931869e-09	-3.79109318e-07	8.87936481e-08	6.85344376e-03	6.85343986e-03	8.14818562e-07	6.37231266e-07	-1.20060925e-06	-4.42390610e-07
206             	1.37036900e-02	1.45564977e-06	-1.64038217e-06	1.94988180e-09	-3.84876448e-07	9.08484589e-08	6.85184695e-03	6.85184305e-03	8.18673342e-07	6.36976424e-07	-1.20506753e-06	-4.35314638e-07
207             	1.37005206e-02	1.45984455e-06	-1.63477832e-06	1.95050535e-09	-3.91916664e-07	9.33250428e-08	6.85026223e-03	6.85025833e-03	8.23247317e-07	6.36597232e-07	-1.20930582e-06	-4.25472496e-07
208             	1.36973762e-02	1.46456336e-06	-1.62526899e-06	1.95114720e-09	-4.00375106e-07	9.61451979e-08	6.84869007e-03	6.84868617e-03	8.28426879e-07	6.36136484e-07	-1.21300960e-06	-4.12259387e-07
209             	1.36942583e-02	1.46844580e-06	-1.61232179e-06	1.95181091e-09	-4.09747804e-07	9.87211142e-08	6.84713110e-03	6.84712720e-03	8.32944016e-07	6.35501788e-07	-1.21590870e-06	-3.96413092e-07
210             	1.36911675e-02	1.46976688e-06	-1.59908389e-06	1.95246627e-09	-4.18703971e-07	1.00482243e-07	6.84558571e-03	6.84558181e-03	8.35365682e-07	6.34401195e-07	-1.21824591e-06	-3.80837972e-07
211             	1.36881043e-02	1.46865708e-06	-1.58796747e-06	1.95328290e-09	-4.26742719e-07	1.01550227e-07	6.84405412e-03	6.84405021e-03	8.35878768e-07	6.32778314e-07	-1.22072646e-06	-3.67241018e-07
212             	1.36850690e-02	1.46819757e-06	-1.57865150e-06	1.95407186e-09	-4.34045714e-07	1.02854769e-07	6.84253645e-03	6.84253255e-03	8.36953555e-07	6.31244017e-07	-1.22337147e-06	-3.55280036e-07
213             	1.36820620e-02	1.46995638e-06	-1.56939713e-06	1.95484817e-09	-4.41048478e-07	1.05068973e-07	6.84103298e-03	6.84102907e-03	8.40047162e-07	6.29909216e-07	-1.22574704e-06	-3.43650089e-07
214             	1.36790842e-02	1.47413239e-06	-1.55789909e-06	1.95550727e-09	-4.48557039e-07	1.08094555e-07	6.83954405e-03	6.83954014e-03	8.45160750e-07	6.28971639e-07	-1.22750659e-06	-3.30392508e-07
215             	1.36761367e-02	1.47968855e-06	-1.54295556e-06	1.95623819e-09	-4.56932233e-07	1.11604817e-07	6.83807032e-03	6.83806641e-03	8.51449091e-07	6.28239457e-07	-1.22841002e-06	-3.14545549e-07
216             	1.36732205e-02	1.48586474e-06	-1.52536117e-06	1.95695585e-09	-4.65995773e-07	1.15419332e-07	6.83661218e-03	6.83660827e-03	8.58351704e-07	6.27513041e-07	-1.22867636e-06	-2.96684813e-07
217             	1.36703363e-02	1.49031260e-06	-1.50591790e-06	1.95764152e-09	-4.75228056e-07	1.18556288e-07	6.83517010e-03	6.83516618e-03	8.63712589e-07	6.26600013e-07	-1.22818701e-06	-2.77730893e-07
218             	1.36674854e-02	1.49423033e-06	-1.48994083e-06	1.95821461e-09	-4.82540656e-07	1.21512455e-07	6.83374466e-03	6.83374074e-03	8.68627619e-07	6.25602709e-07	-1.22751107e-06	-2.62429760e-07
219             	1.36646681e-02	1.49842998e-06	-1.47751361e-06	1.95880600e-09	-4.88233599e-07	1.24696061e-07	6.83233601e-03	6.83233209e-03	8.73911053e-07	6.24518931e-07	-1.22699041e-06	-2.50523207e-07
220             	1.36618841e-02	1.50392084e-06	-1.46681257e-06	1.95939863e-09	-4.93000440e-07	1.28558315e-07	6.83094403e-03	6.83094012e-03	8.80518736e-07	6.23402106e-07	-1.22640673e-06	-2.40405846e-07
221             	1.36591344e-02	1.51072139e-06	-1.45549061e-06	1.95998018e-09	-4.97684157e-07	1.32964619e-07	6.82956916e-03	6.82956524e-03	8.88325314e-07	6.22396077e-07	-1.22542946e-06	-2.30061146e-07
222             	1.36564202e-02	1.51817555e-06	-1.44152792e-06	1.96053707e-09	-5.03231656e-07	1.37641165e-07	6.82821206e-03	6.82820814e-03	8.96728942e-07	6.21446612e-07	-1.22399561e-06	-2.17532302e-07
223             	1.36537428e-02	1.52587298e-06	-1.42481889e-06	1.96100979e-09	-5.09855187e-07	1.42257942e-07	6.82687338e-03	6.82686946e-03	9.05194432e-07	6.20678548e-07	-1.22226463e-06	-2.02554255e-07
224             	1.36511031e-02	1.53402683e-06	-1.40734785e-06	1.96146097e-09	-5.16643021e-07	1.46825551e-07	6.82555351e-03	6.82554959e-03	9.13838968e-07	6.20187866e-07	-1.22031695e-06	-1.87030905e-07
225             	1.36485018e-02	1.54213509e-06	-1.39219309e-06	1.96185210e-09	-5.22234612e-07	1.51253380e-07	6.82425288e-03	6.82424895e-03	9.22320925e-07	6.19814164e-07	-1.21833115e-06	-1.73861931e-07
226             	1.36459405e-02	1.54966431e-06	-1.38019665e-06	1.96224622e-09	-5.26456520e-07	1.55472566e-07	6.82297219e-03	6.82296826e-03	9.30304722e-07	6.19359590e-07	-1.21655485e-06	-1.63641806e-07
227             	1.36434207e-02	1.55735515e-06	-1.36924218e-06	1.96249414e-09	-5.30174357e-07	1.59946830e-07	6.82171229e-03	6.82170836e-03	9.38624404e-07	6.18730744e-07	-1.21479545e-06	-1.54446731e-07
228             	1.36409431e-02	1.56633808e-06	-1.35752585e-06	1.96279167e-09	-5.34175735e-07	1.64870545e-07	6.82047352e-03	6.82046959e-03	9.48039583e-07	6.18298494e-07	-1.21293866e-06	-1.44587191e-07
229             	1.36385084e-02	1.57551611e-06	-1.34365574e-06	1.96295548e-09	-5.38849593e-07	1.70027124e-07	6.81925618e-03	6.81925226e-03	9.57785179e-07	6.17730930e-07	-1.21067746e-06	-1.32978278e-07
230             	1.36361177e-02	1.58554012e-06	-1.32836282e-06	1.96312496e-09	-5.43822214e-07	1.75465629e-07	6.81806083e-03	6.81805690e-03	9.68235690e-07	6.17304432e-07	-1.20800362e-06	-1.20359194e-07
231             	1.36337721e-02	1.59666066e-06	-1.31423559e-06	1.96324224e-09	-5.48162034e-07	1.81234889e-07	6.81688800e-03	6.81688407e-03	9.79565221e-07	6.17095444e-07	-1.20527983e-06	-1.08955764e-07
232             	1.36314726e-02	1.60760370e-06	-1.30121166e-06	1.96345378e-09	-5.51778804e-07	1.86741745e-07	6.81573828e-03	6.81573435e-03	9.90543597e-07	6.17060106e-07	-1.20238464e-06	-9.88270287e-08
233             	1.36292203e-02	1.61733267e-06	-1.28873198e-06	1.96363995e-09	-5.55039411e-07	1.91784955e-07	6.81461209e-03	6.81460817e-03	1.00045129e-06	6.16881381e-07	-1.19940540e-06	-8.93265810e-08
234             	1.36270149e-02	1.62692393e-06	-1.27557558e-06	1.96390594e-09	-5.58520977e-07	1.96913007e-07	6.81350944e-03	6.81350551e-03	1.01037497e-06	6.16548959e-07	-1.19630877e-06	-7.92668147e-08
235             	1.36248581e-02	1.63708311e-06	-1.26266013e-06	1.96420552e-09	-5.61931034e-07	2.02412260e-07	6.81243101e-03	6.81242708e-03	1.02095381e-06	6.16129294e-07	-1.19326110e-06	-6.93990289e-08
236             	1.36227508e-02	1.64781912e-06	-1.25015912e-06	1.96447181e-09	-5.65136926e-07	2.08140844e-07	6.81137737e-03	6.81137344e-03	1.03205041e-06	6.15768719e-07	-1.19021649e-06	-5.99426358e-08
237             	1.36206944e-02	1.65848828e-06	-1.23681249e-06	1.96478131e-09	-5.68444937e-07	2.13793504e-07	6.81034917e-03	6.81034524e-03	1.04303764e-06	6.15450636e-07	-1.18685118e-06	-4.99613065e-08
238             	1.36186900e-02	1.66912566e-06	-1.22279587e-06	1.96513748e-09	-5.71899428e-07	2.19248789e-07	6.80934695e-03	6.80934302e-03	1.05381162e-06	6.15314039e-07	-1.18329737e-06	-3.94985092e-08
239             	1.36167379e-02	1.67964766e-06	-1.20804644e-06	1.96538107e-09	-5.75615404e-07	2.24600848e-07	6.80837092e-03	6.80836699e-03	1.06442468e-06	6.15222981e-07	-1.17963863e-06	-2.84078187e-08
240             	1.36148383e-02	1.68974327e-06	-1.19150924e-06	1.96573012e-09	-5.80070600e-07	2.29791881e-07	6.80742113e-03	6.80741720e-03	1.07466352e-06	6.15079754e-07	-1.17582522e-06	-1.56840181e-08
241             	1.36129916e-02	1.69943728e-06	-1.17199470e-06	1.96609006e-09	-5.85804144e-07	2.34893657e-07	6.80649779e-03	6.80649386e-03	1.08461230e-06	6.14824983e-07	-1.17180149e-06	-1.93206371e-10
242             	1.36111975e-02	1.70935342e-06	-1.15247005e-06	1.96645717e-09	-5.91476081e-07	2.40112673e-07	6.80560071e-03	6.80559678e-03	1.09478938e-06	6.14564036e-07	-1.16771111e-06	1.52410540e-08
243             	1.36094561e-02	1.71890786e-06	-1.13530948e-06	1.96688924e-09	-5.95690598e-07	2.45290609e-07	6.80473002e-03	6.80472609e-03	1.10474454e-06	6.14163320e-07	-1.16334534e-06	2.80358564e-08
244             	1.36077677e-02	1.72752050e-06	-1.11848268e-06	1.96747221e-09	-5.99358733e-07	2.50084390e-07	6.80388581e-03	6.80388188e-03	1.11384464e-06	6.13675860e-07	-1.15860007e-06	4.01173944e-08
245             	1.36061341e-02	1.73481088e-06	-1.09954208e-06	1.96814994e-09	-6.03895537e-07	2.54184237e-07	6.80306901e-03	6.80306507e-03	1.12158968e-06	6.13221201e-07	-1.15366658e-06	5.41244978e-08
246             	1.36045558e-02	1.74059707e-06	-1.07737490e-06	1.96883978e-09	-6.10112024e-07	2.57617892e-07	6.80227985e-03	6.80227591e-03	1.12791643e-06	6.12680644e-07	-1.14879948e-06	7.14245715e-08
247             	1.36030311e-02	1.74523665e-06	-1.05212129e-06	1.96947799e-09	-6.17755821e-07	2.60598150e-07	6.80151751e-03	6.80151357e-03	1.13321647e-06	6.12020174e-07	-1.14381647e-06	9.16951752e-08
248             	1.36015580e-02	1.74954925e-06	-1.02556388e-06	1.97009957e-09	-6.25854013e-07	2.63359342e-07	6.80078096e-03	6.80077702e-03	1.13813397e-06	6.11415284e-07	-1.13863595e-06	1.13072073e-07
249             	1.36001354e-02	1.75330472e-06	-9.99102258e-07	1.97083883e-09	-6.33733637e-07	2.65912913e-07	6.80006968e-03	6.80006573e-03	1.14256528e-06	6.10739449e-07	-1.13328477e-06	1.34182508e-07
250             	1.35987636e-02	1.75621111e-06	-9.72770256e-07	1.97168900e-09	-6.41435146e-07	2.68140363e-07	6.79938378e-03	6.79937984e-03	1.14624592e-06	6.09965192e-07	-1.12782027e-06	1.55050018e-07
251             	1.35974433e-02	1.75774795e-06	-9.45809081e-07	1.97234187e-09	-6.49356343e-07	2.69785333e-07	6.79872361e-03	6.79871966e-03	1.14865931e-06	6.09088643e-07	-1.12226088e-06	1.76451803e-07
252             	1.35961745e-02	1.75693514e-06	-9.17724443e-07	1.97303564e-09	-6.57900083e-07	2.70489948e-07	6.79808923e-03	6.79808528e-03	1.14895752e-06	6.07977622e-07	-1.11676230e-06	1.99037861e-07
253             	1.35949566e-02	1.75416484e-06	-8.86660124e-07	1.97376951e-09	-6.67720484e-07	2.70382128e-07	6.79748025e-03	6.79747631e-03	1.14746455e-06	6.06700292e-07	-1.11105055e-06	2.24390422e-07
254             	1.35937875e-02	1.75059596e-06	-8.52593318e-07	1.97448720e-09	-6.78734276e-07	2.69926190e-07	6.79689574e-03	6.79689180e-03	1.14522417e-06	6.05371792e-07	-1.10503093e-06	2.52437616e-07
255             	1.35926652e-02	1.74624034e-06	-8.17558772e-07	1.97520461e-09	-6.90113484e-07	2.69095575e-07	6.79633459e-03	6.79633064e-03	1.14221575e-06	6.04024594e-07	-1.09889287e-06	2.81334098e-07
256             	1.35915879e-02	1.74045464e-06	-7.83545510e-07	1.97601816e-09	-7.01062709e-07	2.67673736e-07	6.79579591e-03	6.79579196e-03	1.13790106e-06	6.02553584e-07	-1.09283546e-06	3.09289954e-07
257             	1.35905543e-02	1.73296076e-06	-7.51054802e-07	1.97679499e-09	-7.11491913e-07	2.65582573e-07	6.79527912e-03	6.79527517e-03	1.13206295e-06	6.00897806e-07	-1.08701931e-06	3.35964512e-07
258             	1.35895639e-02	1.72413603e-06	-7.19003253e-07	1.97764177e-09	-7.21856964e-07	2.62864076e-07	6.79478394e-03	6.79477998e-03	1.12493209e-06	5.99203937e-07	-1.08135859e-06	3.62355338e-07
259             	1.35886160e-02	1.71396511e-06	-6.83863011e-07	1.97850833e-09	-7.33673883e-07	2.59450515e-07	6.79430996e-03	6.79430601e-03	1.11643307e-06	5.97532043e-07	-1.07560539e-06	3.91742377e-07
260             	1.35877091e-02	1.70142343e-06	-6.45258858e-07	1.97953508e-09	-7.46997907e-07	2.54959110e-07	6.79385654e-03	6.79385258e-03	1.10567083e-06	5.95752605e-07	-1.06962734e-06	4.24368477e-07
261             	1.35868417e-02	1.68594167e-06	-6.05778302e-07	1.98062849e-09	-7.60839987e-07	2.49236456e-07	6.79342284e-03	6.79341888e-03	1.09220729e-06	5.93734380e-07	-1.06372914e-06	4.57950836e-07
262             	1.35860127e-02	1.66769392e-06	-5.69010221e-07	1.98171261e-09	-7.73788329e-07	2.42522780e-07	6.79300834e-03	6.79300438e-03	1.07636974e-06	5.91324180e-07	-1.05829344e-06	4.89283218e-07
263             	1.35852195e-02	1.64768301e-06	-5.34053069e-07	1.98283709e-09	-7.86113625e-07	2.35100193e-07	6.79261172e-03	6.79260775e-03	1.05894170e-06	5.88741312e-07	-1.05314016e-06	5.19087090e-07
264             	1.35844583e-02	1.62641807e-06	-4.99237778e-07	1.98398486e-09	-7.98336486e-07	2.26996028e-07	6.79223113e-03	6.79222716e-03	1.04020506e-06	5.86213008e-07	-1.04795537e-06	5.48717597e-07
265             	1.35837262e-02	1.60318876e-06	-4.62678054e-07	1.98511894e-09	-8.11242617e-07	2.18014176e-07	6.79186509e-03	6.79186112e-03	1.01960856e-06	5.83580204e-07	-1.04258164e-06	5.79903590e-07
266             	1.35830222e-02	1.57748922e-06	-4.23669570e-07	1.98625544e-09	-8.25320199e-07	2.08010961e-07	6.79151306e-03	6.79150909e-03	9.96755569e-07	5.80733646e-07	-1.03715498e-06	6.13485413e-07
267             	1.35823455e-02	1.55032845e-06	-3.82440867e-07	1.98742689e-09	-8.40495789e-07	1.97286180e-07	6.79117476e-03	6.79117078e-03	9.72450404e-07	5.77878044e-07	-1.03171622e-06	6.49275356e-07
268             	1.35816952e-02	1.52137758e-06	-3.40288472e-07	1.98863063e-09	-8.56219753e-07	1.85752160e-07	6.79084958e-03	6.79084560e-03	9.46440952e-07	5.74936632e-07	-1.02636399e-06	6.86075517e-07
269             	1.35810696e-02	1.48968238e-06	-2.99064785e-07	1.98981470e-09	-8.71783744e-07	1.73099906e-07	6.79053678e-03	6.79053280e-03	9.17941098e-07	5.71741286e-07	-1.02131614e-06	7.22251352e-07
270             	1.35804663e-02	1.45561006e-06	-2.59492721e-07	1.99101179e-09	-8.86900455e-07	1.59452390e-07	6.79023515e-03	6.79023117e-03	8.87257419e-07	5.68352640e-07	-1.01664682e-06	7.57154095e-07
271             	1.35798828e-02	1.41918930e-06	-2.21466026e-07	1.99223156e-09	-9.01612945e-07	1.44697613e-07	6.78994341e-03	6.78993943e-03	8.54292261e-07	5.64897036e-07	-1.01234596e-06	7.90879932e-07
272             	1.35793170e-02	1.38045682e-06	-1.82834645e-07	1.99346639e-09	-9.16691551e-07	1.28900827e-07	6.78966047e-03	6.78965648e-03	8.19129237e-07	5.61327583e-07	-1.00810887e-06	8.25274229e-07
273             	1.35787668e-02	1.34009733e-06	-1.41727660e-07	1.99472001e-09	-9.32825742e-07	1.12368161e-07	6.78938538e-03	6.78938139e-03	7.82416825e-07	5.57680504e-07	-1.00368957e-06	8.61961912e-07
274             	1.35782307e-02	1.29725482e-06	-9.87032154e-08	1.99599644e-09	-9.49866216e-07	9.48392645e-08	6.78911736e-03	6.78911337e-03	7.43466673e-07	5.53788144e-07	-9.99217824e-07	9.00514609e-07
275             	1.35777076e-02	1.25180065e-06	-5.48761682e-08	1.99727131e-09	-9.67322649e-07	7.62387725e-08	6.78885578e-03	6.78885178e-03	7.02139097e-07	5.49661552e-07	-9.94760733e-07	9.39884565e-07
276             	1.35771958e-02	1.20447919e-06	-1.11829629e-08	1.99857648e-09	-9.84885582e-07	5.68713328e-08	6.78859991e-03	6.78859592e-03	6.59110928e-07	5.45368263e-07	-9.90477064e-07	9.79294101e-07
277             	1.35766939e-02	1.15640378e-06	3.25114713e-08	1.99995621e-09	-1.00269765e-06	3.71716032e-08	6.78834896e-03	6.78834496e-03	6.15373495e-07	5.41030288e-07	-9.86441913e-07	1.01895338e-06
278             	1.35761997e-02	1.10760161e-06	7.58119884e-08	2.00135401e-09	-1.02050281e-06	1.71647592e-08	6.78810184e-03	6.78809784e-03	5.70965562e-07	5.36636044e-07	-9.82596817e-07	1.05840881e-06
279             	1.35757115e-02	1.05684848e-06	1.18527433e-07	2.00268472e-09	-1.03817471e-06	-3.65789636e-09	6.78785773e-03	6.78785373e-03	5.24766344e-07	5.32082137e-07	-9.78910995e-07	1.09743843e-06
280             	1.35752283e-02	1.00252689e-06	1.61334024e-07	2.00402033e-09	-1.05594386e-06	-2.59914511e-08	6.78761617e-03	6.78761216e-03	4.75271992e-07	5.27254894e-07	-9.75276846e-07	1.13661087e-06
281             	1.35747493e-02	9.46498693e-07	2.04565715e-07	2.00543238e-09	-1.07399390e-06	-4.90444786e-08	6.78737666e-03	6.78737265e-03	4.24204868e-07	5.22293825e-07	-9.71711038e-07	1.17627675e-06
282             	1.35742731e-02	8.90332403e-07	2.47808643e-07	2.00686304e-09	-1.09224147e-06	-7.21586998e-08	6.78713855e-03	6.78713454e-03	3.73007502e-07	5.17324901e-07	-9.68337150e-07	1.21614579e-06
283             	1.35737984e-02	8.34482429e-07	2.90984340e-07	2.00833083e-09	-1.11052272e-06	-9.50576822e-08	6.78690123e-03	6.78689721e-03	3.22183532e-07	5.12298897e-07	-9.65030549e-07	1.25601489e-06
284             	1.35733241e-02	7.79096176e-07	3.33636622e-07	2.00974166e-09	-1.12859477e-06	-1.17677746e-07	6.78666403e-03	6.78666002e-03	2.71870342e-07	5.07225834e-07	-9.61776455e-07	1.29541308e-06
285             	1.35728495e-02	7.23761217e-07	3.75230689e-07	2.01105952e-09	-1.14623394e-06	-1.40276978e-07	6.78642675e-03	6.78642273e-03	2.21603630e-07	5.02157587e-07	-9.58618598e-07	1.33384929e-06
286             	1.35723743e-02	6.67174196e-07	4.16766036e-07	2.01237089e-09	-1.16387868e-06	-1.63477328e-07	6.78618915e-03	6.78618513e-03	1.70109770e-07	4.97064426e-07	-9.55495661e-07	1.37226170e-06
287             	1.35718977e-02	6.08909871e-07	4.59266717e-07	2.01369410e-09	-1.18203831e-06	-1.87436039e-07	6.78595088e-03	6.78594685e-03	1.17018897e-07	4.91890974e-07	-9.52404948e-07	1.41167166e-06
288             	1.35714189e-02	5.49604371e-07	5.02886898e-07	2.01501829e-09	-1.20082278e-06	-2.11811385e-07	6.78571148e-03	6.78570745e-03	6.29908003e-08	4.86613571e-07	-9.49379327e-07	1.45226622e-06
289             	1.35709372e-02	4.89867794e-07	5.46728262e-07	2.01629997e-09	-1.21981068e-06	-2.36404433e-07	6.78547061e-03	6.78546658e-03	8.52946364e-09	4.81338331e-07	-9.46446554e-07	1.49317482e-06
290             	1.35704520e-02	4.30432841e-07	5.90069183e-07	2.01759746e-09	-1.23871761e-06	-2.60911640e-07	6.78522803e-03	6.78522399e-03	-4.56952196e-08	4.76128061e-07	-9.43683014e-07	1.53375220e-06
291             	1.35699629e-02	3.71837985e-07	6.32135097e-07	2.01891357e-09	-1.25710548e-06	-2.85039342e-07	6.78498347e-03	6.78497943e-03	-9.91203500e-08	4.70958335e-07	-9.41037932e-07	1.57317303e-06
292             	1.35694696e-02	3.14927501e-07	6.72090715e-07	2.02017076e-09	-1.27458408e-06	-3.08342228e-07	6.78473685e-03	6.78473280e-03	-1.50878477e-07	4.65805978e-07	-9.38538723e-07	1.61062944e-06
293             	1.35689722e-02	2.59799990e-07	7.10939586e-07	2.02133501e-09	-1.29160185e-06	-3.30769807e-07	6.78448814e-03	6.78448409e-03	-2.00869812e-07	4.60669802e-07	-9.36132055e-07	1.64707164e-06
294             	1.35684705e-02	2.06212786e-07	7.50021460e-07	2.02245621e-09	-1.30874737e-06	-3.52546971e-07	6.78423729e-03	6.78423324e-03	-2.49440578e-07	4.55653364e-07	-9.33736637e-07	1.68375810e-06
295             	1.35679644e-02	1.53302975e-07	7.89045819e-07	2.02354535e-09	-1.32590684e-06	-3.74109285e-07	6.78398423e-03	6.78398018e-03	-2.97457797e-07	4.50760772e-07	-9.31383931e-07	1.72042975e-06
296             	1.35674536e-02	1.01859434e-07	8.27735976e-07	2.02461365e-09	-1.34296379e-06	-3.95131315e-07	6.78372881e-03	6.78372476e-03	-3.44201598e-07	4.46061032e-07	-9.29095804e-07	1.75683178e-06
297             	1.35669379e-02	5.23275090e-08	8.66136510e-07	2.02565194e-09	-1.35986649e-06	-4.15358572e-07	6.78347097e-03	6.78346692e-03	-3.89194817e-07	4.41522326e-07	-9.26798234e-07	1.79293474e-06
298             	1.35664176e-02	4.98504632e-09	9.03341993e-07	2.02664980e-09	-1.37628605e-06	-4.34614227e-07	6.78321084e-03	6.78320679e-03	-4.32121703e-07	4.37106750e-07	-9.24615051e-07	1.82795704e-06
299             	1.35658933e-02	-4.06112085e-08	9.38520513e-07	2.02761157e-09	-1.39186963e-06	-4.53082105e-07	6.78294867e-03	6.78294461e-03	-4.73387710e-07	4.32776501e-07	-9.22609374e-07	1.86112989e-06
300             	1.35653656e-02	-8.46936287e-08	9.71555506e-07	2.02851494e-09	-1.40658351e-06	-4.70890380e-07	6.78268485e-03	6.78268080e-03	-5.13237194e-07	4.28543566e-07	-9.20805756e-07	1.89236126e-06
301             	1.35648354e-02	-1.26464241e-07	1.00303161e-06	2.02933581e-09	-1.42060156e-06	-4.87736287e-07	6.78241972e-03	6.78241566e-03	-5.50968407e-07	4.24504167e-07	-9.19085757e-07	1.92211736e-06
302             	1.35643032e-02	-1.64993652e-07	1.03283777e-06	2.03010541e-09	-1.43383253e-06	-5.03269002e-07	6.78215363e-03	6.78214957e-03	-5.85765828e-07	4.20772176e-07	-9.17413645e-07	1.95025141e-06
303             	1.35637696e-02	-2.00218452e-07	1.06100218e-06	2.03078784e-09	-1.44629675e-06	-5.17516450e-07	6.78188681e-03	6.78188274e-03	-6.17625676e-07	4.17407224e-07	-9.15795662e-07	1.97679784e-06
304             	1.35632350e-02	-2.32773920e-07	1.08759802e-06	2.03142886e-09	-1.45816347e-06	-5.30691204e-07	6.78161954e-03	6.78161548e-03	-6.47078164e-07	4.14304244e-07	-9.14364458e-07	2.00196248e-06
305             	1.35627002e-02	-2.63144170e-07	1.11244073e-06	2.03204060e-09	-1.46938476e-06	-5.42906481e-07	6.78135215e-03	6.78134808e-03	-6.74478567e-07	4.11334396e-07	-9.13164392e-07	2.02560512e-06
306             	1.35621661e-02	-2.91223695e-07	1.13524519e-06	2.03261729e-09	-1.47978289e-06	-5.54145472e-07	6.78108507e-03	6.78108101e-03	-6.99757320e-07	4.08533625e-07	-9.12160294e-07	2.04740549e-06
307             	1.35616335e-02	-3.16714402e-07	1.15657782e-06	2.03312958e-09	-1.48951754e-06	-5.64326904e-07	6.78081880e-03	6.78081473e-03	-7.22684105e-07	4.05969703e-07	-9.11228629e-07	2.06780645e-06
308             	1.35611034e-02	-3.39304043e-07	1.17685714e-06	2.03357267e-09	-1.49872061e-06	-5.73345714e-07	6.78055376e-03	6.78054969e-03	-7.42997736e-07	4.03693693e-07	-9.10292040e-07	2.08714918e-06
309             	1.35605768e-02	-3.58902296e-07	1.19564389e-06	2.03397718e-09	-1.50727953e-06	-5.81151843e-07	6.78029044e-03	6.78028637e-03	-7.60602991e-07	4.01700695e-07	-9.09457582e-07	2.10510147e-06
310             	1.35600544e-02	-3.75530495e-07	1.21277172e-06	2.03434985e-09	-1.51514059e-06	-5.87705518e-07	6.78002923e-03	6.78002516e-03	-7.75470766e-07	3.99940271e-07	-9.08754726e-07	2.12152645e-06
311             	1.35595370e-02	-3.89032297e-07	1.22796595e-06	2.03471038e-09	-1.52223311e-06	-5.92940106e-07	6.77977052e-03	6.77976645e-03	-7.87456255e-07	3.98423958e-07	-9.08250136e-07	2.13621609e-06
312             	1.35590256e-02	-3.99543323e-07	1.24128720e-06	2.03503816e-09	-1.52857218e-06	-5.96932387e-07	6.77951482e-03	6.77951075e-03	-7.96704049e-07	3.97160726e-07	-9.07928584e-07	2.14921578e-06
313             	1.35585212e-02	-4.06982791e-07	1.25311970e-06	2.03534220e-09	-1.53427052e-06	-5.99656839e-07	6.77926265e-03	6.77925857e-03	-8.03148235e-07	3.96165444e-07	-9.07710666e-07	2.16083037e-06
314             	1.35580249e-02	-4.11598961e-07	1.26352936e-06	2.03564108e-09	-1.53933981e-06	-6.01240807e-07	6.77901449e-03	6.77901042e-03	-8.07040287e-07	3.95441326e-07	-9.07575134e-07	2.17110449e-06
315             	1.35575375e-02	-4.13734626e-07	1.27295573e-06	2.03590912e-09	-1.54397049e-06	-6.01844093e-07	6.77877078e-03	6.77876670e-03	-8.08711406e-07	3.94976780e-07	-9.07492631e-07	2.18044836e-06
316             	1.35570598e-02	-4.13651381e-07	1.28186661e-06	2.03615730e-09	-1.54838908e-06	-6.01573239e-07	6.77853194e-03	6.77852786e-03	-8.08398930e-07	3.94747549e-07	-9.07455772e-07	2.18932239e-06
317             	1.35565927e-02	-4.11298161e-07	1.28981690e-06	2.03638296e-09	-1.55244445e-06	-6.00369543e-07	6.77829838e-03	6.77829431e-03	-8.06018623e-07	3.94720462e-07	-9.07535999e-07	2.19735290e-06
318             	1.35561368e-02	-4.06461195e-07	1.29656096e-06	2.03659639e-09	-1.55602639e-06	-5.98126637e-07	6.77807046e-03	6.77806639e-03	-8.01357234e-07	3.94896039e-07	-9.07745912e-07	2.20430687e-06
319             	1.35556930e-02	-3.99174964e-07	1.30237059e-06	2.03680184e-09	-1.55919981e-06	-5.94830754e-07	6.77784853e-03	6.77784445e-03	-7.94418236e-07	3.95243272e-07	-9.08014512e-07	2.21038510e-06
