# Force coefficients
# dragDir       : (1.00000000e+00 0.00000000e+00 0.00000000e+00)
# sideDir       : (0.00000000e+00 0.00000000e+00 -1.00000000e+00)
# liftDir       : (0.00000000e+00 1.00000000e+00 0.00000000e+00)
# rollAxis      : (1.00000000e+00 0.00000000e+00 0.00000000e+00)
# pitchAxis     : (0.00000000e+00 0.00000000e+00 -1.00000000e+00)
# yawAxis       : (0.00000000e+00 1.00000000e+00 0.00000000e+00)
# magUInf       : 2.00000000e+00
# lRef          : 1.50000000e+00
# Aref          : 2.06603698e-01
# CofR          : (0.00000000e+00 0.00000000e+00 0.00000000e+00)
#
# Time          	Cd              	Cs              	Cl              	CmRoll          	CmPitch         	CmYaw           	Cd(f)           	Cd(r)           	Cs(f)           	Cs(r)           	Cl(f)           	Cl(r)           
1               	8.28488596e-01	1.18049662e-03	-1.29842374e-04	1.10290766e-08	-9.01066509e-05	-4.26790581e-04	4.14244309e-01	4.14244287e-01	1.63457727e-04	1.01703889e-03	-1.55027838e-04	2.51854637e-05
2               	7.42578102e-01	1.14308974e-03	-2.63762321e-04	8.32147695e-09	-1.35266178e-04	-4.07281055e-04	3.71289059e-01	3.71289043e-01	1.64263815e-04	9.78825926e-04	-2.67147339e-04	3.38501743e-06
3               	2.09960725e-01	3.24552062e-04	-2.05334760e-04	-3.60329534e-09	-9.04232882e-05	-9.85346427e-05	1.04980359e-01	1.04980366e-01	6.37413883e-05	2.60810674e-04	-1.93090668e-04	-1.22440919e-05
4               	-2.66662532e-01	-4.50269572e-04	-1.95115249e-05	-1.76196414e-08	4.92893963e-06	1.84881626e-04	-1.33331284e-01	-1.33331248e-01	-4.02531601e-05	-4.10016412e-04	-4.82682280e-06	-1.46847021e-05
5               	-4.03025619e-01	-6.45541277e-04	2.10033761e-04	-1.17093697e-08	9.66144737e-05	2.23052886e-04	-2.01512821e-01	-2.01512798e-01	-9.97177522e-05	-5.45823525e-04	2.01631354e-04	8.40240675e-06
6               	-2.00361215e-01	-2.82955485e-04	2.82752986e-04	-3.05708280e-09	1.13177643e-04	6.35571897e-05	-1.00180611e-01	-1.00180605e-01	-7.79205528e-05	-2.05034932e-04	2.54554136e-04	2.81988504e-05
7               	8.20013945e-02	2.48747897e-04	8.52744819e-05	-1.91489553e-09	7.72971115e-05	-1.04624754e-04	4.10006953e-02	4.10006991e-02	1.97491944e-05	2.28998703e-04	1.19934352e-04	-3.46598706e-05
8               	2.50425213e-01	5.97958752e-04	-1.55326995e-04	-1.92882586e-09	-1.42317312e-05	-1.08322944e-04	1.25212605e-01	1.25212608e-01	1.90656432e-04	4.07302320e-04	-9.18952289e-05	-6.34317665e-05
9               	2.27897432e-01	3.55468703e-04	-2.36030798e-04	-9.39127012e-09	-9.37859937e-05	-5.67106242e-05	1.13948707e-01	1.13948725e-01	1.21023727e-04	2.34444976e-04	-2.11801393e-04	-2.42294051e-05
10              	7.78603778e-02	-1.10203694e-04	-4.62828481e-05	-1.25105816e-08	-1.20693193e-04	5.88796773e-07	3.89301764e-02	3.89302014e-02	-5.45130500e-05	-5.56906436e-05	-1.43834618e-04	9.75517694e-05
11              	-5.03539478e-02	-2.58096616e-04	1.78610296e-04	-3.51815151e-09	-7.53594263e-05	7.44138871e-05	-2.51769774e-02	-2.51769704e-02	-5.46344208e-05	-2.03462195e-04	1.39457217e-05	1.64664574e-04
12              	-8.38273352e-02	-2.53633468e-04	3.56994956e-04	-3.74738429e-08	-2.82472620e-05	3.84450346e-05	-4.19137051e-02	-4.19136301e-02	-8.83716996e-05	-1.65261769e-04	1.50250216e-04	2.06744740e-04
13              	-3.10925267e-02	-9.24702163e-05	3.99397004e-04	-1.81894683e-08	-3.22011515e-05	-2.30018447e-05	-1.55462815e-02	-1.55462452e-02	-6.92369529e-05	-2.32332634e-05	1.67497351e-04	2.31899654e-04
14              	4.46649287e-02	7.57901452e-05	2.68199798e-04	-2.58366171e-08	-5.64532928e-05	-5.06730601e-05	2.23324385e-02	2.23324902e-02	-1.27779875e-05	8.85681327e-05	7.76466060e-05	1.90553192e-04
15              	8.75286874e-02	1.08444619e-04	5.38130891e-05	-2.48404770e-08	-6.79530234e-05	-3.34912050e-05	4.37643189e-02	4.37643685e-02	2.07311047e-05	8.77135147e-05	-4.10464788e-05	9.48595680e-05
16              	8.08808485e-02	2.03607290e-05	-5.32258934e-05	-2.07933081e-08	-7.19967418e-05	1.94014177e-06	4.04404035e-02	4.04404451e-02	1.21205063e-05	8.24022273e-06	-9.86096885e-05	4.53837951e-05
17              	4.32991780e-02	-7.51322092e-05	3.14827077e-05	-1.88684391e-08	-7.73319051e-05	2.73039715e-05	2.16495701e-02	2.16496079e-02	-1.02621331e-05	-6.48700761e-05	-6.15905513e-05	9.30732590e-05
18              	1.09351656e-02	-1.11626390e-04	1.97180400e-04	-1.71717662e-08	-8.12808422e-05	2.81311000e-05	5.46756564e-03	5.46759999e-03	-2.76820950e-05	-8.39442951e-05	1.73093577e-05	1.79871042e-04
19              	4.14059778e-03	-8.34269844e-05	2.97998498e-04	-1.49302292e-08	-7.46233186e-05	8.02448675e-06	2.07028396e-03	2.07031382e-03	-3.36890054e-05	-4.97379789e-05	7.43759304e-05	2.23622568e-04
20              	2.03009062e-02	-2.95052430e-05	2.73088661e-04	-1.15991741e-08	-6.28212044e-05	-7.30520719e-06	1.01504415e-02	1.01504647e-02	-2.20578287e-05	-7.44741431e-06	7.37231261e-05	1.99365535e-04
21              	4.27682171e-02	-3.06297510e-06	1.78373466e-04	-8.83512619e-09	-5.71781512e-05	-1.28694134e-05	2.13840997e-02	2.13841174e-02	-1.44009010e-05	1.13379259e-05	3.20085817e-05	1.46364884e-04
22              	5.54094803e-02	-1.30325425e-05	1.07106113e-04	-7.47861589e-09	-6.28084273e-05	-9.33940559e-06	2.77047327e-02	2.77047476e-02	-1.58556769e-05	2.82313433e-06	-9.25537095e-06	1.16361484e-04
23              	5.33254969e-02	-4.76364020e-05	1.07475593e-04	-7.11308087e-09	-7.29930740e-05	-4.98439142e-06	2.66627414e-02	2.66627556e-02	-2.88025924e-05	-1.88338096e-05	-1.92552776e-05	1.26730870e-04
24              	4.34541195e-02	-7.07798694e-05	1.70316542e-04	-7.93325641e-09	-8.19606785e-05	-3.90554284e-06	2.17270518e-02	2.17270677e-02	-3.92954776e-05	-3.14843919e-05	3.19759229e-06	1.67118949e-04
25              	3.55168107e-02	-7.79609245e-05	2.51758678e-04	-8.33796211e-09	-9.02526229e-05	-9.87153666e-06	1.77583970e-02	1.77584137e-02	-4.88519989e-05	-2.91089256e-05	3.56267163e-05	2.16131962e-04
26              	3.46850240e-02	-6.26780664e-05	2.99642152e-04	-9.16595663e-09	-9.50722514e-05	-1.47615034e-05	1.73425028e-02	1.73425212e-02	-4.61005366e-05	-1.65775298e-05	5.47488247e-05	2.44893328e-04
27              	3.93959209e-02	-4.31847127e-05	2.98180701e-04	-9.78502113e-09	-9.60295936e-05	-1.73175930e-05	1.96979507e-02	1.96979702e-02	-3.89099494e-05	-4.27476335e-06	5.30607570e-05	2.45119944e-04
28              	4.46611568e-02	-3.45415466e-05	2.78179554e-04	-1.02272542e-08	-9.91173291e-05	-1.67694974e-05	2.23305682e-02	2.23305886e-02	-3.40402708e-05	-5.01275884e-07	3.99724477e-05	2.38207106e-04
29              	4.65443018e-02	-4.12521336e-05	2.69398542e-04	-9.85935497e-09	-1.05930407e-04	-1.61274331e-05	2.32721410e-02	2.32721608e-02	-3.67534999e-05	-4.49863370e-06	2.87688640e-05	2.40629678e-04
30              	4.44047641e-02	-5.40623808e-05	2.92718722e-04	-9.04839745e-09	-1.17359134e-04	-1.73182410e-05	2.22023730e-02	2.22023911e-02	-4.43494314e-05	-9.71294942e-06	2.90002267e-05	2.63718495e-04
31              	4.02787911e-02	-6.40366054e-05	3.52049482e-04	-7.92587820e-09	-1.34369319e-04	-2.02254791e-05	2.01393876e-02	2.01394035e-02	-5.22437818e-05	-1.17928236e-05	4.16554221e-05	3.10394060e-04
32              	3.69712154e-02	-6.97473267e-05	4.09261707e-04	-7.02053963e-09	-1.49341173e-04	-2.35651510e-05	1.84856007e-02	1.84856147e-02	-5.84388144e-05	-1.13085123e-05	5.52896800e-05	3.53972027e-04
33              	3.57778452e-02	-7.17065964e-05	4.43612683e-04	-6.41283969e-09	-1.59369816e-04	-2.58368143e-05	1.78889162e-02	1.78889290e-02	-6.16901125e-05	-1.00164839e-05	6.24365256e-05	3.81176157e-04
34              	3.61483848e-02	-7.16073816e-05	4.61833463e-04	-6.22084206e-09	-1.68179611e-04	-2.62804401e-05	1.80741862e-02	1.80741986e-02	-6.20841309e-05	-9.52325070e-06	6.27371206e-05	3.99096342e-04
35              	3.67340365e-02	-7.39013387e-05	4.69431769e-04	-6.38930031e-09	-1.76218205e-04	-2.67349002e-05	1.83670119e-02	1.83670246e-02	-6.36855695e-05	-1.02157692e-05	5.84976802e-05	4.10934089e-04
36              	3.65902529e-02	-8.01139680e-05	4.84668285e-04	-6.67765069e-09	-1.86142387e-04	-2.86527181e-05	1.82951198e-02	1.82951331e-02	-6.87097020e-05	-1.14042659e-05	5.61917552e-05	4.28476530e-04
37              	3.57013986e-02	-9.07065582e-05	5.15829997e-04	-6.89216494e-09	-1.99208196e-04	-3.26487540e-05	1.78506924e-02	1.78507062e-02	-7.80020331e-05	-1.27045251e-05	5.87068025e-05	4.57123195e-04
38              	3.46416074e-02	-1.02259457e-04	5.51956519e-04	-6.81491291e-09	-2.11540342e-04	-3.76480687e-05	1.73207969e-02	1.73208105e-02	-8.87777974e-05	-1.34816600e-05	6.44379171e-05	4.87518601e-04
39              	3.40184045e-02	-1.12424547e-04	5.85168701e-04	-6.91242658e-09	-2.22277497e-04	-4.22488083e-05	1.70091954e-02	1.70092092e-02	-9.84610819e-05	-1.39634654e-05	7.03068531e-05	5.14861848e-04
40              	3.40878716e-02	-1.18932982e-04	6.14568222e-04	-6.72140038e-09	-2.33084248e-04	-4.49096700e-05	1.70439291e-02	1.70439425e-02	-1.04376161e-04	-1.45568210e-05	7.41998631e-05	5.40368359e-04
41              	3.46031150e-02	-1.21890383e-04	6.43460655e-04	-6.06122480e-09	-2.45364525e-04	-4.57966023e-05	1.73015515e-02	1.73015636e-02	-1.06741794e-04	-1.51485894e-05	7.63658025e-05	5.67094853e-04
42              	3.50893088e-02	-1.25358241e-04	6.73057345e-04	-5.41287503e-09	-2.58392870e-04	-4.70401078e-05	1.75446490e-02	1.75446598e-02	-1.09719228e-04	-1.56390129e-05	7.81358025e-05	5.94921542e-04
43              	3.52127248e-02	-1.31985544e-04	7.02778643e-04	-4.93344274e-09	-2.71050033e-04	-4.99314737e-05	1.76063575e-02	1.76063673e-02	-1.15924246e-04	-1.60612983e-05	8.03392890e-05	6.22439354e-04
44              	3.49536376e-02	-1.39791522e-04	7.33508440e-04	-4.49786732e-09	-2.83271912e-04	-5.36399949e-05	1.74768143e-02	1.74768233e-02	-1.23535756e-04	-1.62557661e-05	8.34823082e-05	6.50026132e-04
45              	3.45074696e-02	-1.45169562e-04	7.70381906e-04	-4.14869632e-09	-2.97034990e-04	-5.63032811e-05	1.72537307e-02	1.72537390e-02	-1.28888062e-04	-1.62815000e-05	8.81559625e-05	6.82225943e-04
46              	3.40708920e-02	-1.49107448e-04	8.11329640e-04	-3.80555935e-09	-3.12292552e-04	-5.80382162e-05	1.70354422e-02	1.70354498e-02	-1.32591940e-04	-1.65155080e-05	9.33722678e-05	7.17957372e-04
47              	3.37191612e-02	-1.53479843e-04	8.53862271e-04	-3.47123216e-09	-3.28602266e-04	-5.95340214e-05	1.68595771e-02	1.68595841e-02	-1.36273943e-04	-1.72059003e-05	9.83288694e-05	7.55533401e-04
48              	3.34170466e-02	-1.59222757e-04	8.94220617e-04	-3.43441150e-09	-3.44540005e-04	-6.14869695e-05	1.67085198e-02	1.67085267e-02	-1.41098348e-04	-1.81244089e-05	1.02570303e-04	7.91650313e-04
49              	3.30949268e-02	-1.66718397e-04	9.31315568e-04	-3.37661299e-09	-3.59468034e-04	-6.42563741e-05	1.65474600e-02	1.65474668e-02	-1.47615573e-04	-1.91028244e-05	1.06189751e-04	8.25125818e-04
50              	3.27203848e-02	-1.76341295e-04	9.70700123e-04	-3.17094866e-09	-3.75135766e-04	-6.81050344e-05	1.63601892e-02	1.63601956e-02	-1.56275682e-04	-2.00656132e-05	1.10214296e-04	8.60485827e-04
51              	3.23106350e-02	-1.87867429e-04	1.01803160e-03	-2.99285407e-09	-3.93601205e-04	-7.27600120e-05	1.61553145e-02	1.61553205e-02	-1.66693726e-04	-2.11737023e-05	1.15414594e-04	9.02617005e-04
52              	3.19159126e-02	-2.01360653e-04	1.07706140e-03	-2.82952419e-09	-4.16319677e-04	-7.80769157e-05	1.59579535e-02	1.59579591e-02	-1.78757242e-04	-2.26034111e-05	1.22211024e-04	9.54850377e-04
53              	3.15803239e-02	-2.16501322e-04	1.14588927e-03	-2.74041259e-09	-4.42807109e-04	-8.39040458e-05	1.57901592e-02	1.57901647e-02	-1.92154707e-04	-2.43466153e-05	1.30137527e-04	1.01575175e-03
54              	3.13179367e-02	-2.33223267e-04	1.21773674e-03	-2.73868168e-09	-4.70660510e-04	-9.03090924e-05	1.56589656e-02	1.56589711e-02	-2.06920726e-04	-2.63025409e-05	1.38207862e-04	1.07952888e-03
55              	3.11073170e-02	-2.52055833e-04	1.28907706e-03	-2.74475345e-09	-4.98447503e-04	-9.75423433e-05	1.55536558e-02	1.55536612e-02	-2.23570260e-04	-2.84855731e-05	1.46091027e-04	1.14298603e-03
56              	3.09176189e-02	-2.72559102e-04	1.36052875e-03	-2.78303021e-09	-5.26268712e-04	-1.05464029e-04	1.54588067e-02	1.54588122e-02	-2.41743580e-04	-3.08155219e-05	1.53995666e-04	1.20653309e-03
57              	3.07369505e-02	-2.94414057e-04	1.43547718e-03	-2.81712794e-09	-5.55312144e-04	-1.13935390e-04	1.53684724e-02	1.53684781e-02	-2.61142419e-04	-3.32716387e-05	1.62426447e-04	1.27305073e-03
58              	3.05692494e-02	-3.17512915e-04	1.51770962e-03	-2.82472330e-09	-5.87018107e-04	-1.22891212e-04	1.52846219e-02	1.52846275e-02	-2.81647670e-04	-3.58652454e-05	1.71836704e-04	1.34587292e-03
59              	3.04215194e-02	-3.41808394e-04	1.60763855e-03	-2.83569073e-09	-6.21606359e-04	-1.32284475e-04	1.52107569e-02	1.52107625e-02	-3.03188672e-04	-3.86197218e-05	1.82212918e-04	1.42542564e-03
60              	3.02952191e-02	-3.67215918e-04	1.70264853e-03	-2.76209492e-09	-6.58138593e-04	-1.42084913e-04	1.51476068e-02	1.51476123e-02	-3.25692872e-04	-4.15230464e-05	1.93185674e-04	1.50946286e-03
61              	3.01858701e-02	-3.93923559e-04	1.80087865e-03	-2.65305634e-09	-6.95904209e-04	-1.52412030e-04	1.50929324e-02	1.50929377e-02	-3.49373809e-04	-4.45497495e-05	2.04535116e-04	1.59634353e-03
62              	3.00874597e-02	-4.21797756e-04	1.90250513e-03	-2.49507442e-09	-7.35001032e-04	-1.63253800e-04	1.50437274e-02	1.50437323e-02	-3.74152678e-04	-4.76450780e-05	2.16251533e-04	1.68625360e-03
63              	2.99955446e-02	-4.50827154e-04	2.00876020e-03	-2.32046184e-09	-7.75865044e-04	-1.74598253e-04	1.49977700e-02	1.49977746e-02	-4.00011830e-04	-5.08153244e-05	2.28515058e-04	1.78024515e-03
64              	2.99066995e-02	-4.81316993e-04	2.12171559e-03	-2.14568669e-09	-8.19257685e-04	-1.86486329e-04	1.49533476e-02	1.49533519e-02	-4.27144825e-04	-5.41721677e-05	2.41600111e-04	1.88011548e-03
65              	2.98208264e-02	-5.13181277e-04	2.24214194e-03	-1.94921621e-09	-8.65470639e-04	-1.98834235e-04	1.49104112e-02	1.49104151e-02	-4.55424873e-04	-5.77564036e-05	2.55600329e-04	1.98654161e-03
66              	2.97389850e-02	-5.46784343e-04	2.36976473e-03	-1.80604992e-09	-9.14409611e-04	-2.11797874e-04	1.48694907e-02	1.48694943e-02	-4.85190045e-04	-6.15942977e-05	2.70472755e-04	2.09929198e-03
67              	2.96628252e-02	-5.82204742e-04	2.50417769e-03	-1.66903947e-09	-9.65921040e-04	-2.25450519e-04	1.48314109e-02	1.48314143e-02	-5.16552891e-04	-6.56518519e-05	2.86167807e-04	2.21800989e-03
68              	2.95942191e-02	-6.19177190e-04	2.64534538e-03	-1.51861346e-09	-1.02000255e-03	-2.39726193e-04	1.47971080e-02	1.47971111e-02	-5.49314788e-04	-6.98624021e-05	3.02670133e-04	2.34267524e-03
69              	2.95333470e-02	-6.57624960e-04	2.79371463e-03	-1.34657933e-09	-1.07684220e-03	-2.54605897e-04	1.47666722e-02	1.47666749e-02	-5.83418378e-04	-7.42065826e-05	3.20015116e-04	2.47369952e-03
70              	2.94790892e-02	-6.98024713e-04	2.94986741e-03	-1.31952607e-09	-1.13666591e-03	-2.70255390e-04	1.47395433e-02	1.47395459e-02	-6.19267746e-04	-7.87569668e-05	3.38267792e-04	2.61159962e-03
71              	2.94302208e-02	-7.40275221e-04	3.11427516e-03	-1.51759473e-09	-1.19964302e-03	-2.86604454e-04	1.47151089e-02	1.47151119e-02	-6.56742065e-04	-8.35331559e-05	3.57494557e-04	2.75678060e-03
72              	2.93845413e-02	-7.84487398e-04	3.28664832e-03	-1.69270493e-09	-1.26564925e-03	-3.03680540e-04	1.46922689e-02	1.46922723e-02	-6.95924239e-04	-8.85631590e-05	3.77674912e-04	2.90897341e-03
73              	2.93405788e-02	-8.30833788e-04	3.46684392e-03	-1.83997191e-09	-1.33465252e-03	-3.21542123e-04	1.46702876e-02	1.46702913e-02	-7.36959017e-04	-9.38747709e-05	3.98769439e-04	3.06807448e-03
74              	2.92981168e-02	-8.79256450e-04	3.65522398e-03	-2.01447455e-09	-1.40681056e-03	-3.40174062e-04	1.46490564e-02	1.46490604e-02	-7.79802287e-04	-9.94541628e-05	4.20801426e-04	3.23442256e-03
75              	2.92559861e-02	-9.29441589e-04	3.85207800e-03	-2.23142183e-09	-1.48222260e-03	-3.59478203e-04	1.46279908e-02	1.46279953e-02	-8.24198997e-04	-1.05242592e-04	4.43816400e-04	3.40826160e-03
76              	2.92137091e-02	-9.81709748e-04	4.05747761e-03	-2.44327690e-09	-1.56089170e-03	-3.79589260e-04	1.46068521e-02	1.46068570e-02	-8.70444134e-04	-1.11265614e-04	4.67847108e-04	3.58963051e-03
77              	2.91719105e-02	-1.03661945e-03	4.27142436e-03	-2.62580128e-09	-1.64281180e-03	-4.00728437e-04	1.45859526e-02	1.45859579e-02	-9.19038162e-04	-1.17581289e-04	4.92900382e-04	3.77852397e-03
78              	2.91314883e-02	-1.09420439e-03	4.49361008e-03	-2.73932174e-09	-1.72786567e-03	-4.22905093e-04	1.45657414e-02	1.45657469e-02	-9.70007290e-04	-1.24197105e-04	5.18939367e-04	3.97467071e-03
79              	2.90925987e-02	-1.15405707e-03	4.72383933e-03	-2.89940593e-09	-1.81599391e-03	-4.45949813e-04	1.45462965e-02	1.45463023e-02	-1.02297835e-03	-1.31078721e-04	5.45925750e-04	4.17791358e-03
80              	2.90543844e-02	-1.21610292e-03	4.96237482e-03	-3.17021409e-09	-1.90730022e-03	-4.69827013e-04	1.45271890e-02	1.45271954e-02	-1.07787847e-03	-1.38224445e-04	5.73887190e-04	4.38848763e-03
81              	2.90165981e-02	-1.28046787e-03	5.20979494e-03	-3.54997296e-09	-2.00200877e-03	-4.94591073e-04	1.45082955e-02	1.45083026e-02	-1.13482501e-03	-1.45642864e-04	6.02888704e-04	4.60690624e-03
82              	2.89799999e-02	-1.34759523e-03	5.46661908e-03	-4.04354031e-09	-2.10031171e-03	-5.20416508e-04	1.44899959e-02	1.44900040e-02	-1.19421412e-03	-1.53381109e-04	6.32997826e-04	4.83362125e-03
83              	2.89456487e-02	-1.41770994e-03	5.73336615e-03	-4.60546124e-09	-2.20240847e-03	-5.47401028e-04	1.44728198e-02	1.44728290e-02	-1.25625600e-03	-1.61453944e-04	6.64274604e-04	5.06909155e-03
84              	2.89143160e-02	-1.49101701e-03	6.00999051e-03	-5.09875362e-09	-2.30826326e-03	-5.75617599e-04	1.44571529e-02	1.44571631e-02	-1.32112610e-03	-1.69890905e-04	6.96731994e-04	5.31325852e-03
85              	2.88873606e-02	-1.56706183e-03	6.29627954e-03	-5.67793733e-09	-2.41778302e-03	-6.04895197e-04	1.44436746e-02	1.44436860e-02	-1.38842611e-03	-1.78635716e-04	7.30356753e-04	5.56592279e-03
86              	2.88651958e-02	-1.64522184e-03	6.59199965e-03	-6.26000882e-09	-2.53087619e-03	-6.34995141e-04	1.44325916e-02	1.44326041e-02	-1.45760606e-03	-1.87615781e-04	7.65123633e-04	5.82687602e-03
87              	2.88485716e-02	-1.72554277e-03	6.89769967e-03	-6.87813578e-09	-2.64775442e-03	-6.65922392e-04	1.44242789e-02	1.44242927e-02	-1.52869378e-03	-1.96848991e-04	8.01095415e-04	6.09660425e-03
88              	2.88377835e-02	-1.80824245e-03	7.21381352e-03	-7.58427528e-09	-2.76857817e-03	-6.97754883e-04	1.44188842e-02	1.44188993e-02	-1.60187611e-03	-2.06366342e-04	8.38328595e-04	6.37548493e-03
89              	2.88324601e-02	-1.89387118e-03	7.54129538e-03	-8.30224336e-09	-2.89371422e-03	-7.30712576e-04	1.44162218e-02	1.44162384e-02	-1.67764816e-03	-2.16223012e-04	8.76933472e-04	6.66436191e-03
90              	2.88330472e-02	-1.98233931e-03	7.87983085e-03	-9.02559323e-09	-3.02304198e-03	-7.64775865e-04	1.44165146e-02	1.44165326e-02	-1.75594552e-03	-2.26393790e-04	9.16873443e-04	6.96295741e-03
91              	2.88405985e-02	-2.07307278e-03	8.22890353e-03	-9.86601689e-09	-3.15636902e-03	-7.99725936e-04	1.44202894e-02	1.44203091e-02	-1.83626232e-03	-2.36810452e-04	9.58082745e-04	7.27082079e-03
92              	2.88565767e-02	-2.16591426e-03	8.58741843e-03	-1.08018993e-08	-3.29328379e-03	-8.35493934e-04	1.44282775e-02	1.44282991e-02	-1.91845107e-03	-2.47463197e-04	1.00042543e-03	7.58699300e-03
93              	2.88805225e-02	-2.26136120e-03	8.95566062e-03	-1.17490220e-08	-3.43389181e-03	-8.72265357e-04	1.44402495e-02	1.44402730e-02	-2.00294596e-03	-2.58415244e-04	1.04393851e-03	7.91172212e-03
94              	2.89113570e-02	-2.35966890e-03	9.33438650e-03	-1.26332655e-08	-3.57847765e-03	-9.10129528e-04	1.44556659e-02	1.44556911e-02	-2.08996398e-03	-2.69704923e-04	1.08871561e-03	8.24567090e-03
95              	2.89495866e-02	-2.46034332e-03	9.72308034e-03	-1.35241447e-08	-3.72683932e-03	-9.48897363e-04	1.44747798e-02	1.44748068e-02	-2.17906902e-03	-2.81274296e-04	1.13470085e-03	8.58837949e-03
96              	2.89957941e-02	-2.56285987e-03	1.01207628e-02	-1.44331887e-08	-3.87859667e-03	-9.88373454e-04	1.44978826e-02	1.44979115e-02	-2.26980339e-03	-2.93056480e-04	1.18178473e-03	8.93897806e-03
97              	2.90504326e-02	-2.66690142e-03	1.05259110e-02	-1.54271520e-08	-4.03317508e-03	-1.02843928e-03	1.45252009e-02	1.45252317e-02	-2.36188999e-03	-3.05011425e-04	1.22978043e-03	9.29613058e-03
98              	2.91153453e-02	-2.77269902e-03	1.09374200e-02	-1.65069041e-08	-4.19015660e-03	-1.06917667e-03	1.45576562e-02	1.45576892e-02	-2.45552618e-03	-3.17172835e-04	1.27855338e-03	9.65886658e-03
99              	2.91901654e-02	-2.88000630e-03	1.13549231e-02	-1.76059789e-08	-4.34939305e-03	-1.11048273e-03	1.45950651e-02	1.45951003e-02	-2.55048587e-03	-3.29520423e-04	1.32806848e-03	1.00268546e-02
100             	2.92739338e-02	-2.98864641e-03	1.17772187e-02	-1.87829699e-08	-4.51041482e-03	-1.15228616e-03	1.46369481e-02	1.46369857e-02	-2.64660937e-03	-3.42037044e-04	1.37819452e-03	1.03990242e-02
101             	2.93668382e-02	-3.09864665e-03	1.22028541e-02	-2.00728013e-08	-4.67263678e-03	-1.19460063e-03	1.46833990e-02	1.46834392e-02	-2.74392396e-03	-3.54722693e-04	1.42879027e-03	1.07740638e-02
102             	2.94695011e-02	-3.20960276e-03	1.26298858e-02	-2.14888503e-08	-4.83529850e-03	-1.23726816e-03	1.47347291e-02	1.47347720e-02	-2.84206954e-03	-3.67533225e-04	1.47964439e-03	1.11502414e-02
103             	2.95818098e-02	-3.32072915e-03	1.30563630e-02	-2.29953162e-08	-4.99765391e-03	-1.27997875e-03	1.47908819e-02	1.47909279e-02	-2.94034333e-03	-3.80385825e-04	1.53052761e-03	1.15258354e-02
104             	2.97011155e-02	-3.43136239e-03	1.34806724e-02	-2.45470607e-08	-5.15909248e-03	-1.32247424e-03	1.48505332e-02	1.48505823e-02	-3.03815544e-03	-3.93206951e-04	1.58124370e-03	1.18994287e-02
105             	2.98263463e-02	-3.54155360e-03	1.39011411e-02	-2.62088344e-08	-5.31895867e-03	-1.36476717e-03	1.49131469e-02	1.49131994e-02	-3.13554397e-03	-4.06009634e-04	1.63161187e-03	1.22695292e-02
106             	2.99579395e-02	-3.65196613e-03	1.43158227e-02	-2.80360433e-08	-5.47648201e-03	-1.40711109e-03	1.49789417e-02	1.49789978e-02	-3.23309416e-03	-4.18871971e-04	1.68142936e-03	1.26343934e-02
107             	3.00992908e-02	-3.76163667e-03	1.47216821e-02	-3.00456188e-08	-5.63047745e-03	-1.44913636e-03	1.50496154e-02	1.50496754e-02	-3.32995470e-03	-4.31681975e-04	1.73036358e-03	1.29913185e-02
108             	3.02497193e-02	-3.86965272e-03	1.51159683e-02	-3.22105054e-08	-5.77988020e-03	-1.49047944e-03	1.51248274e-02	1.51248918e-02	-3.42530580e-03	-4.44346917e-04	1.77810394e-03	1.33378643e-02
109             	3.04080954e-02	-3.97552086e-03	1.54959856e-02	-3.45378910e-08	-5.92366547e-03	-1.53093583e-03	1.52040131e-02	1.52040822e-02	-3.51869626e-03	-4.56824602e-04	1.82432733e-03	1.36716583e-02
110             	3.05757606e-02	-4.07871027e-03	1.58577354e-02	-3.69959853e-08	-6.06031910e-03	-1.57030078e-03	1.52878433e-02	1.52879173e-02	-3.60965592e-03	-4.69054353e-04	1.86854858e-03	1.39891868e-02
111             	3.07516632e-02	-4.17872555e-03	1.61975798e-02	-3.96867379e-08	-6.18844243e-03	-1.60838409e-03	1.53757919e-02	1.53758713e-02	-3.69774686e-03	-4.80978685e-04	1.91034746e-03	1.42872323e-02
112             	3.09366777e-02	-4.27374533e-03	1.65117670e-02	-4.26488973e-08	-6.30658201e-03	-1.64449195e-03	1.54682962e-02	1.54683815e-02	-3.78136462e-03	-4.92380710e-04	1.94930150e-03	1.45624655e-02
113             	3.11289792e-02	-4.36296094e-03	1.67976200e-02	-4.58390027e-08	-6.41369097e-03	-1.67830857e-03	1.55644438e-02	1.55645355e-02	-3.85978904e-03	-5.03171897e-04	1.98511905e-03	1.48125010e-02
114             	3.13288577e-02	-4.44626347e-03	1.70508528e-02	-4.93242872e-08	-6.50812750e-03	-1.70977883e-03	1.56643795e-02	1.56644782e-02	-3.93291057e-03	-5.13352901e-04	2.01729890e-03	1.50335539e-02
115             	3.15373795e-02	-4.52289615e-03	1.72668808e-02	-5.31179116e-08	-6.58815214e-03	-1.73860367e-03	1.57686366e-02	1.57687428e-02	-4.00005174e-03	-5.22844402e-04	2.04528826e-03	1.52215925e-02
116             	3.17533993e-02	-4.59159724e-03	1.74417260e-02	-5.71236583e-08	-6.65223445e-03	-1.76429699e-03	1.58766425e-02	1.58767568e-02	-4.06009561e-03	-5.31501628e-04	2.06862856e-03	1.53730975e-02
117             	3.19703586e-02	-4.65076150e-03	1.75726338e-02	-6.14684408e-08	-6.69933541e-03	-1.78624397e-03	1.59851178e-02	1.59852408e-02	-4.11162472e-03	-5.39136778e-04	2.08698147e-03	1.54856523e-02
118             	3.21820796e-02	-4.69900696e-03	1.76566716e-02	-6.61831766e-08	-6.72834748e-03	-1.80391742e-03	1.60909736e-02	1.60911060e-02	-4.15342089e-03	-5.45586063e-04	2.09998832e-03	1.55566833e-02
119             	3.23809970e-02	-4.73559990e-03	1.76912066e-02	-7.11891137e-08	-6.73828304e-03	-1.81703306e-03	1.61904273e-02	1.61905697e-02	-4.18483301e-03	-5.50766887e-04	2.10732024e-03	1.55838863e-02
120             	3.25658516e-02	-4.75920629e-03	1.76719304e-02	-7.65875723e-08	-6.72751889e-03	-1.82507947e-03	1.62828492e-02	1.62830024e-02	-4.20468262e-03	-5.54523671e-04	2.10844632e-03	1.55634841e-02
121             	3.27372686e-02	-4.76858528e-03	1.75956821e-02	-8.24895916e-08	-6.69484899e-03	-1.82758921e-03	1.63685518e-02	1.63687168e-02	-4.21188185e-03	-5.56703426e-04	2.10299206e-03	1.54926900e-02
122             	3.28942665e-02	-4.76327735e-03	1.74603927e-02	-8.88992434e-08	-6.63950903e-03	-1.82439261e-03	1.64470444e-02	1.64472222e-02	-4.20603129e-03	-5.57246067e-04	2.09068733e-03	1.53697054e-02
123             	3.30316885e-02	-4.74327667e-03	1.72657924e-02	-9.57813634e-08	-6.56142139e-03	-1.81549989e-03	1.65157484e-02	1.65159400e-02	-4.18713822e-03	-5.56138443e-04	2.07147483e-03	1.51943176e-02
124             	3.31460190e-02	-4.70903339e-03	1.70111602e-02	-1.03142490e-07	-6.46035143e-03	-1.80109538e-03	1.65729064e-02	1.65731126e-02	-4.15561208e-03	-5.53421312e-04	2.04522867e-03	1.49659315e-02
125             	3.32372487e-02	-4.66054054e-03	1.66949356e-02	-1.11032932e-07	-6.33576314e-03	-1.78118953e-03	1.66185133e-02	1.66187354e-02	-4.11145979e-03	-5.49080741e-04	2.01170463e-03	1.46832309e-02
126             	3.33073625e-02	-4.59715000e-03	1.63152044e-02	-1.19237722e-07	-6.18700553e-03	-1.75556313e-03	1.66535620e-02	1.66538005e-02	-4.05413813e-03	-5.43011866e-04	1.97059667e-03	1.43446077e-02
127             	3.33558956e-02	-4.51773915e-03	1.58696582e-02	-1.27697411e-07	-6.01326995e-03	-1.72382666e-03	1.66778201e-02	1.66780755e-02	-3.98269624e-03	-5.35042913e-04	1.92155914e-03	1.39480990e-02
128             	3.33842868e-02	-4.42127694e-03	1.53575879e-02	-1.36292431e-07	-5.81437426e-03	-1.68561324e-03	1.66920071e-02	1.66922797e-02	-3.89625171e-03	-5.25025226e-04	1.86441967e-03	1.34931682e-02
129             	3.33926501e-02	-4.30792322e-03	1.47796468e-02	-1.44882404e-07	-5.59066688e-03	-1.64101171e-03	1.66961802e-02	1.66964699e-02	-3.79497332e-03	-5.12949903e-04	1.79915651e-03	1.29804903e-02
130             	3.33762517e-02	-4.17870392e-03	1.41389956e-02	-1.53307138e-07	-5.34346441e-03	-1.59043806e-03	1.66879726e-02	1.66882792e-02	-3.67979002e-03	-4.98913906e-04	1.72603339e-03	1.24129622e-02
131             	3.33283449e-02	-4.03514636e-03	1.34419605e-02	-1.61453414e-07	-5.07526621e-03	-1.53449896e-03	1.66640110e-02	1.66643339e-02	-3.55207214e-03	-4.83074224e-04	1.64571405e-03	1.17962465e-02
132             	3.32428974e-02	-3.87856438e-03	1.26942521e-02	-1.69386638e-07	-4.78836013e-03	-1.47372804e-03	1.66212793e-02	1.66216181e-02	-3.41301023e-03	-4.65554152e-04	1.55876593e-03	1.11354862e-02
133             	3.31245731e-02	-3.70914959e-03	1.19019139e-02	-1.77015981e-07	-4.48513435e-03	-1.40823200e-03	1.65621095e-02	1.65624636e-02	-3.26280680e-03	-4.46342791e-04	1.46582259e-03	1.04360913e-02
134             	3.29761875e-02	-3.52698159e-03	1.10740605e-02	-1.84193437e-07	-4.16914716e-03	-1.33806298e-03	1.64879096e-02	1.64882779e-02	-3.10155378e-03	-4.25427815e-04	1.36788310e-03	9.70617742e-03
135             	3.28022501e-02	-3.33527416e-03	1.02189023e-02	-1.90971697e-07	-3.84359087e-03	-1.26446340e-03	1.64009341e-02	1.64013160e-02	-2.93210048e-03	-4.03173682e-04	1.26586025e-03	8.95304200e-03
136             	3.26157240e-02	-3.13512460e-03	9.34047024e-03	-1.97333056e-07	-3.51009510e-03	-1.18788192e-03	1.63076647e-02	1.63080594e-02	-2.75544422e-03	-3.79680374e-04	1.16014002e-03	8.18033022e-03
137             	3.24210711e-02	-2.92916663e-03	8.44871595e-03	-2.03295679e-07	-3.17248587e-03	-1.10932477e-03	1.62103323e-02	1.62107388e-02	-2.57390809e-03	-3.55258543e-04	1.05187210e-03	7.39684385e-03
138             	3.22192272e-02	-2.72052920e-03	7.55427812e-03	-2.08932399e-07	-2.83480985e-03	-1.03000024e-03	1.61094047e-02	1.61098225e-02	-2.39026484e-03	-3.30264358e-04	9.42329212e-04	6.61194891e-03
139             	3.20079981e-02	-2.51288898e-03	6.67036456e-03	-2.14143444e-07	-2.50206362e-03	-9.51312874e-04	1.60037849e-02	1.60042132e-02	-2.20775737e-03	-3.05131618e-04	8.33118665e-04	5.83724590e-03
140             	3.17844952e-02	-2.30969784e-03	5.81058765e-03	-2.18906277e-07	-2.17938246e-03	-8.74562209e-04	1.58920287e-02	1.58924665e-02	-2.02941113e-03	-2.80286712e-04	7.25911368e-04	5.08467628e-03
141             	3.15432855e-02	-2.11249688e-03	4.99117103e-03	-2.23239623e-07	-1.87285403e-03	-8.00306765e-04	1.57714195e-02	1.57718660e-02	-1.85655521e-03	-2.55941677e-04	6.22731486e-04	4.36843954e-03
142             	3.12907551e-02	-1.92270203e-03	4.22290751e-03	-2.27131568e-07	-1.58651039e-03	-7.29061671e-04	1.56451504e-02	1.56456047e-02	-1.69041269e-03	-2.32289344e-04	5.24943364e-04	3.69796415e-03
143             	3.10366631e-02	-1.74199351e-03	3.51146838e-03	-2.30357084e-07	-1.32241532e-03	-6.61441518e-04	1.55181012e-02	1.55185619e-02	-1.53243827e-03	-2.09555237e-04	4.33318868e-04	3.07814951e-03
144             	3.07945008e-02	-1.57256025e-03	2.85987179e-03	-2.32923392e-07	-1.08156888e-03	-5.98243594e-04	1.53970175e-02	1.53974833e-02	-1.38452372e-03	-1.88036533e-04	3.48367012e-04	2.51150477e-03
145             	3.05687562e-02	-1.41639658e-03	2.27412609e-03	-2.34684338e-07	-8.66077246e-04	-5.40188429e-04	1.52841434e-02	1.52846128e-02	-1.24838672e-03	-1.68009863e-04	2.70985798e-04	2.00314029e-03
146             	3.03621599e-02	-1.27605247e-03	1.76084094e-03	-2.35364141e-07	-6.78233555e-04	-4.88199789e-04	1.51808446e-02	1.51813153e-02	-1.12622603e-03	-1.49826448e-04	2.02186914e-04	1.55865402e-03
147             	3.01727661e-02	-1.15251249e-03	1.32593831e-03	-2.34875222e-07	-5.20076659e-04	-4.42607245e-04	1.50861482e-02	1.50866179e-02	-1.01886349e-03	-1.33648998e-04	1.42892497e-04	1.18304581e-03
148             	2.99857838e-02	-1.04550910e-03	9.77291752e-04	-2.33011530e-07	-3.94433803e-04	-4.03269819e-04	1.49926589e-02	1.49931249e-02	-9.26024369e-04	-1.19484731e-04	9.42120730e-05	8.83079679e-04
149             	2.97942650e-02	-9.54187598e-04	7.17060183e-04	-2.29774090e-07	-3.01958536e-04	-3.69819358e-04	1.48969027e-02	1.48973623e-02	-8.46913157e-04	-1.07274441e-04	5.65715557e-05	6.60488628e-04
150             	2.96066381e-02	-8.78211300e-04	5.40488767e-04	-2.25133979e-07	-2.40750176e-04	-3.42089714e-04	1.48030939e-02	1.48035442e-02	-7.81195364e-04	-9.70159358e-05	2.94942073e-05	5.10994560e-04
151             	2.94377835e-02	-8.17665573e-04	4.38272161e-04	-2.19344369e-07	-2.07184786e-04	-3.20082943e-04	1.47186724e-02	1.47191111e-02	-7.28915730e-04	-8.87498433e-05	1.19512943e-05	4.26320867e-04
152             	2.92933332e-02	-7.71515029e-04	4.03976747e-04	-2.12532125e-07	-1.98690662e-04	-3.03400148e-04	1.46464541e-02	1.46468791e-02	-6.89157662e-04	-8.23573667e-05	3.29771188e-06	4.00679035e-04
153             	2.91743350e-02	-7.38956652e-04	4.30214997e-04	-2.04836429e-07	-2.12359331e-04	-2.91732690e-04	1.45869626e-02	1.45873723e-02	-6.61211016e-04	-7.77456362e-05	2.74816728e-06	4.27466830e-04
154             	2.90790478e-02	-7.19124772e-04	5.10965336e-04	-1.96535378e-07	-2.45825565e-04	-2.84759996e-04	1.45393274e-02	1.45397204e-02	-6.44322382e-04	-7.48023904e-05	9.65710300e-06	5.01308233e-04
155             	2.89965345e-02	-7.11225969e-04	6.43696342e-04	-1.87889110e-07	-2.98080222e-04	-2.82189324e-04	1.44980794e-02	1.44984552e-02	-6.37802309e-04	-7.34236602e-05	2.37679493e-05	6.19928393e-04
156             	2.89085632e-02	-7.13909642e-04	8.27031540e-04	-1.78905621e-07	-3.68595406e-04	-2.83512929e-04	1.44541027e-02	1.44544605e-02	-6.40467750e-04	-7.34418920e-05	4.49203638e-05	7.82111176e-04
157             	2.88062133e-02	-7.26099394e-04	1.05747983e-03	-1.69812605e-07	-4.56076952e-04	-2.88315813e-04	1.44029368e-02	1.44032765e-02	-6.51365510e-04	-7.47338835e-05	7.26629626e-05	9.84816867e-04
158             	2.86923924e-02	-7.45118678e-04	1.32561425e-03	-1.60625839e-07	-5.57025348e-04	-2.95588843e-04	1.43460356e-02	1.43463568e-02	-6.68148182e-04	-7.69704964e-05	1.05781776e-04	1.21983247e-03
159             	2.85721282e-02	-7.69938742e-04	1.62131308e-03	-1.51283991e-07	-6.67705661e-04	-3.04957910e-04	1.42859128e-02	1.42862154e-02	-6.89927280e-04	-8.00114614e-05	1.42950881e-04	1.47836220e-03
160             	2.84599962e-02	-8.00821815e-04	1.93306721e-03	-1.41820410e-07	-7.83869790e-04	-3.16539861e-04	1.42298563e-02	1.42301399e-02	-7.16950768e-04	-8.38710464e-05	1.82663814e-04	1.75040339e-03
161             	2.83582721e-02	-8.37773506e-04	2.25597851e-03	-1.32262740e-07	-9.03783045e-04	-3.30355302e-04	1.41790038e-02	1.41792683e-02	-7.49242054e-04	-8.85314513e-05	2.24206211e-04	2.03177230e-03
162             	2.82594744e-02	-8.80670221e-04	2.58832985e-03	-1.22693702e-07	-1.02691837e-03	-3.46375637e-04	1.41296145e-02	1.41298599e-02	-7.86710748e-04	-9.39594736e-05	2.67246554e-04	2.32108329e-03
163             	2.81547967e-02	-9.28325891e-04	2.92865599e-03	-1.13164922e-07	-1.15285080e-03	-3.64167581e-04	1.40772852e-02	1.40775115e-02	-8.28330527e-04	-9.99953646e-05	3.11477199e-04	2.61717879e-03
164             	2.80468142e-02	-9.78527562e-04	3.27321278e-03	-1.03908811e-07	-1.28029043e-03	-3.82902086e-04	1.40233032e-02	1.40235110e-02	-8.72165867e-04	-1.06361696e-04	3.56315962e-04	2.91689682e-03
165             	2.79413118e-02	-1.02897652e-03	3.61854944e-03	-9.51680930e-08	-1.40803946e-03	-4.01710475e-04	1.39705607e-02	1.39707511e-02	-9.16198735e-04	-1.12777784e-04	4.01235257e-04	3.21731418e-03
166             	2.78463525e-02	-1.07830352e-03	3.95784379e-03	-8.72621605e-08	-1.53359183e-03	-4.20079924e-04	1.39230890e-02	1.39232635e-02	-9.59231685e-04	-1.19071837e-04	4.45330060e-04	3.51251373e-03
167             	2.77648564e-02	-1.12603215e-03	4.28663332e-03	-8.01632150e-08	-1.65530145e-03	-4.37835703e-04	1.38823480e-02	1.38825084e-02	-1.00085178e-03	-1.25180372e-04	4.88015207e-04	3.79861811e-03
168             	2.76956055e-02	-1.17268715e-03	4.60296609e-03	-7.37851269e-08	-1.77245507e-03	-4.55180550e-04	1.38477290e-02	1.38478766e-02	-1.04152412e-03	-1.31163023e-04	5.29027977e-04	4.07393811e-03
169             	2.76374287e-02	-1.21870175e-03	4.90404102e-03	-6.80927661e-08	-1.88401739e-03	-4.72287110e-04	1.38186463e-02	1.38187824e-02	-1.08163798e-03	-1.37063765e-04	5.68003115e-04	4.33603790e-03
170             	2.75893670e-02	-1.26313729e-03	5.18639855e-03	-6.29174479e-08	-1.98870631e-03	-4.88808527e-04	1.37946206e-02	1.37947464e-02	-1.12037717e-03	-1.42760118e-04	6.04492963e-04	4.58190559e-03
171             	2.75549519e-02	-1.30528544e-03	5.44594963e-03	-5.82780095e-08	-2.08498015e-03	-5.04484737e-04	1.37774177e-02	1.37775342e-02	-1.15712746e-03	-1.48157981e-04	6.37994662e-04	4.80795497e-03
172             	2.75362057e-02	-1.34512930e-03	5.67839739e-03	-5.41319991e-08	-2.17120689e-03	-5.19319688e-04	1.37680487e-02	1.37681570e-02	-1.19188434e-03	-1.53244962e-04	6.67991802e-04	5.01040559e-03
173             	2.75339410e-02	-1.38221290e-03	5.88073841e-03	-5.04053083e-08	-2.24624317e-03	-5.33137950e-04	1.37669201e-02	1.37670209e-02	-1.22424440e-03	-1.57968502e-04	6.94126039e-04	5.18661237e-03
174             	2.75443610e-02	-1.41588567e-03	6.05102682e-03	-4.70522294e-08	-2.30934824e-03	-5.45689527e-04	1.37721335e-02	1.37722276e-02	-1.25363236e-03	-1.62253309e-04	7.16165169e-04	5.33486165e-03
175             	2.75638993e-02	-1.44603024e-03	6.18875926e-03	-4.39830728e-08	-2.36033207e-03	-5.56920531e-04	1.37819056e-02	1.37819936e-02	-1.27993565e-03	-1.66094588e-04	7.34047565e-04	5.45471170e-03
176             	2.75906479e-02	-1.47281297e-03	6.29347635e-03	-4.11642578e-08	-2.39902796e-03	-5.66894144e-04	1.37952828e-02	1.37953651e-02	-1.30330063e-03	-1.69512339e-04	7.47710210e-04	5.54576614e-03
177             	2.76240072e-02	-1.49596540e-03	6.36532977e-03	-3.85552197e-08	-2.42549583e-03	-5.75516344e-04	1.38119651e-02	1.38120422e-02	-1.32349904e-03	-1.72466355e-04	7.57169056e-04	5.60816071e-03
178             	2.76625350e-02	-1.51557090e-03	6.40571050e-03	-3.61813567e-08	-2.44026373e-03	-5.82820722e-04	1.38312313e-02	1.38313037e-02	-1.34060617e-03	-1.74964725e-04	7.62591522e-04	5.64311898e-03
179             	2.77039627e-02	-1.53159740e-03	6.41714683e-03	-3.40429411e-08	-2.44427992e-03	-5.88799481e-04	1.38519473e-02	1.38520154e-02	-1.35459818e-03	-1.76999220e-04	7.64293492e-04	5.65285334e-03
180             	2.77442705e-02	-1.54480287e-03	6.40366160e-03	-3.22571478e-08	-2.43906000e-03	-5.93740338e-04	1.38721030e-02	1.38721675e-02	-1.36614178e-03	-1.78661098e-04	7.62770795e-04	5.64089080e-03
181             	2.77792573e-02	-1.55556885e-03	6.36932264e-03	-3.07885372e-08	-2.42613419e-03	-5.97786541e-04	1.38895979e-02	1.38896595e-02	-1.37557097e-03	-1.79997884e-04	7.58527134e-04	5.61079551e-03
182             	2.78042496e-02	-1.56439700e-03	6.31932069e-03	-2.96181564e-08	-2.40746697e-03	-6.01124228e-04	1.39020952e-02	1.39021544e-02	-1.38332273e-03	-1.81074271e-04	7.52193373e-04	5.56712732e-03
183             	2.78184009e-02	-1.57162300e-03	6.25822894e-03	-2.87116435e-08	-2.38477952e-03	-6.03874583e-04	1.39091717e-02	1.39092292e-02	-1.38968609e-03	-1.81936920e-04	7.44334949e-04	5.51389399e-03
184             	2.78248103e-02	-1.57750086e-03	6.18996507e-03	-2.80661010e-08	-2.35954104e-03	-6.06130771e-04	1.39123771e-02	1.39124332e-02	-1.39488120e-03	-1.82619658e-04	7.35441493e-04	5.45452357e-03
185             	2.78286369e-02	-1.58226807e-03	6.11760326e-03	-2.76435337e-08	-2.33289673e-03	-6.07978568e-04	1.39142908e-02	1.39143461e-02	-1.39911260e-03	-1.83155467e-04	7.25904903e-04	5.39169835e-03
186             	2.78327950e-02	-1.58614622e-03	6.04417053e-03	-2.74231155e-08	-2.30596889e-03	-6.09500422e-04	1.39163701e-02	1.39164249e-02	-1.40257353e-03	-1.83572689e-04	7.16116381e-04	5.32805415e-03
187             	2.78379440e-02	-1.58936246e-03	5.97270249e-03	-2.73746905e-08	-2.27987725e-03	-6.10777663e-04	1.39189446e-02	1.39189994e-02	-1.40545889e-03	-1.83903564e-04	7.06473993e-04	5.26622849e-03
188             	2.78430261e-02	-1.59217420e-03	5.90605308e-03	-2.74875703e-08	-2.25567497e-03	-6.11904554e-04	1.39214855e-02	1.39215405e-02	-1.40799166e-03	-1.84182547e-04	6.97351572e-04	5.20870151e-03
189             	2.78464995e-02	-1.59482507e-03	5.84641965e-03	-2.77190680e-08	-2.23416633e-03	-6.12970906e-04	1.39232220e-02	1.39232775e-02	-1.41038344e-03	-1.84441631e-04	6.89043492e-04	5.15737616e-03
190             	2.78479229e-02	-1.59754375e-03	5.79551274e-03	-2.80999268e-08	-2.21597596e-03	-6.14062217e-04	1.39239334e-02	1.39239896e-02	-1.41283409e-03	-1.84709658e-04	6.81780411e-04	5.11373233e-03
191             	2.78480734e-02	-1.60038817e-03	5.75438908e-03	-2.85828817e-08	-2.20148005e-03	-6.15198789e-04	1.39240081e-02	1.39240653e-02	-1.41539287e-03	-1.84995296e-04	6.75714487e-04	5.07867459e-03
192             	2.78488030e-02	-1.60342763e-03	5.72337072e-03	-2.91860024e-08	-2.19077902e-03	-6.16405935e-04	1.39243723e-02	1.39244307e-02	-1.41811975e-03	-1.85307878e-04	6.70906343e-04	5.05246438e-03
193             	2.78517232e-02	-1.60675555e-03	5.70241004e-03	-2.98787074e-08	-2.18383062e-03	-6.17718015e-04	1.39258317e-02	1.39258915e-02	-1.42109579e-03	-1.85659759e-04	6.67374400e-04	5.03503564e-03
194             	2.78570850e-02	-1.61045895e-03	5.69121636e-03	-3.06508214e-08	-2.18050492e-03	-6.19169843e-04	1.39285118e-02	1.39285731e-02	-1.42439932e-03	-1.86059633e-04	6.65103264e-04	5.02611310e-03
195             	2.78639067e-02	-1.61463380e-03	5.68937206e-03	-3.14926500e-08	-2.18062776e-03	-6.20799207e-04	1.39319219e-02	1.39319849e-02	-1.42811611e-03	-1.86517692e-04	6.64058265e-04	5.02531379e-03
196             	2.78708259e-02	-1.61936950e-03	5.69659131e-03	-3.24169140e-08	-2.18408212e-03	-6.22641942e-04	1.39353806e-02	1.39354454e-02	-1.43232669e-03	-1.87042810e-04	6.64213540e-04	5.03237778e-03
197             	2.78768881e-02	-1.62470538e-03	5.71237037e-03	-3.33842438e-08	-2.19067139e-03	-6.24713829e-04	1.39384106e-02	1.39384774e-02	-1.43706652e-03	-1.87638859e-04	6.65513797e-04	5.04685658e-03
198             	2.78819423e-02	-1.63065968e-03	5.73587042e-03	-3.43969451e-08	-2.20007810e-03	-6.27024254e-04	1.39409368e-02	1.39410056e-02	-1.44235409e-03	-1.88305583e-04	6.67857107e-04	5.06801332e-03
199             	2.78861813e-02	-1.63725513e-03	5.76610687e-03	-3.54254486e-08	-2.21193091e-03	-6.29582874e-04	1.39430552e-02	1.39431261e-02	-1.44821044e-03	-1.89044693e-04	6.71122524e-04	5.09498434e-03
200             	2.78900058e-02	-1.64455064e-03	5.80206855e-03	-3.64676180e-08	-2.22585151e-03	-6.32413128e-04	1.39449664e-02	1.39450394e-02	-1.45468845e-03	-1.89862194e-04	6.75182763e-04	5.12688578e-03
201             	2.78935047e-02	-1.65256710e-03	5.84282592e-03	-3.74872737e-08	-2.24149205e-03	-6.35522618e-04	1.39467148e-02	1.39467898e-02	-1.46180617e-03	-1.90760934e-04	6.79920903e-04	5.16290501e-03
202             	2.78966192e-02	-1.66132103e-03	5.88756049e-03	-3.84766890e-08	-2.25854860e-03	-6.38917632e-04	1.39482711e-02	1.39483481e-02	-1.46957815e-03	-1.91742884e-04	6.85231643e-04	5.20232884e-03
203             	2.78992807e-02	-1.67082385e-03	5.93536758e-03	-3.94045989e-08	-2.27668369e-03	-6.42600324e-04	1.39496009e-02	1.39496797e-02	-1.47801225e-03	-1.92811603e-04	6.91000099e-04	5.24436748e-03
204             	2.79015077e-02	-1.68108679e-03	5.98542388e-03	-4.02558624e-08	-2.29559321e-03	-6.46573439e-04	1.39507136e-02	1.39507941e-02	-1.48711683e-03	-1.93969956e-04	6.97118730e-04	5.28830515e-03
205             	2.79033553e-02	-1.69206380e-03	6.03694153e-03	-4.09897798e-08	-2.31498586e-03	-6.50817115e-04	1.39516367e-02	1.39517186e-02	-1.49684902e-03	-1.95214787e-04	7.03484903e-04	5.33345662e-03
206             	2.79049328e-02	-1.70372778e-03	6.08923254e-03	-4.16003688e-08	-2.33460914e-03	-6.55319248e-04	1.39524248e-02	1.39525080e-02	-1.50718314e-03	-1.96544640e-04	7.10007125e-04	5.37922541e-03
207             	2.79063933e-02	-1.71601895e-03	6.14148976e-03	-4.20605313e-08	-2.35416263e-03	-6.60054611e-04	1.39531546e-02	1.39532387e-02	-1.51806408e-03	-1.97954862e-04	7.16582251e-04	5.42490751e-03
208             	2.79077736e-02	-1.72894195e-03	6.19306642e-03	-4.23703720e-08	-2.37340874e-03	-6.65023637e-04	1.39538444e-02	1.39539292e-02	-1.52949461e-03	-1.99447338e-04	7.23124469e-04	5.46994195e-03
209             	2.79091820e-02	-1.74243810e-03	6.24336125e-03	-4.25205111e-08	-2.39212616e-03	-6.70202048e-04	1.39545485e-02	1.39546335e-02	-1.54142110e-03	-2.01017000e-04	7.29554461e-04	5.51380679e-03
210             	2.79110382e-02	-1.75642616e-03	6.29168378e-03	-4.25214072e-08	-2.41006181e-03	-6.75558281e-04	1.39554766e-02	1.39555616e-02	-1.55377136e-03	-2.02654798e-04	7.35780078e-04	5.55590371e-03
211             	2.79136448e-02	-1.77085217e-03	6.33733880e-03	-4.23626026e-08	-2.42695961e-03	-6.81070638e-04	1.39567800e-02	1.39568648e-02	-1.56649672e-03	-2.04355447e-04	7.41709789e-04	5.59562902e-03
212             	2.79174432e-02	-1.78554733e-03	6.37965753e-03	-4.20726344e-08	-2.44257404e-03	-6.86674561e-04	1.39586795e-02	1.39587637e-02	-1.57944822e-03	-2.06099102e-04	7.47254727e-04	5.63240281e-03
213             	2.79227217e-02	-1.80031786e-03	6.41800035e-03	-4.16460063e-08	-2.45666804e-03	-6.92295455e-04	1.39613192e-02	1.39614025e-02	-1.59245438e-03	-2.07863473e-04	7.52332136e-04	5.66566821e-03
214             	2.79293139e-02	-1.81499207e-03	6.45186849e-03	-4.11010172e-08	-2.46905843e-03	-6.97867916e-04	1.39646158e-02	1.39646980e-02	-1.60536395e-03	-2.09628121e-04	7.56875816e-04	5.69499267e-03
215             	2.79371071e-02	-1.82938425e-03	6.48067138e-03	-4.04459323e-08	-2.47952631e-03	-7.03320665e-04	1.39685131e-02	1.39685940e-02	-1.61801279e-03	-2.11371460e-04	7.60809380e-04	5.71986200e-03
216             	2.79459258e-02	-1.84334504e-03	6.50397962e-03	-3.97016989e-08	-2.48791543e-03	-7.08597583e-04	1.39729232e-02	1.39730026e-02	-1.63027010e-03	-2.13074938e-04	7.64074374e-04	5.73990524e-03
217             	2.79556985e-02	-1.85670955e-03	6.52140346e-03	-3.88766847e-08	-2.49408265e-03	-7.13636349e-04	1.39778104e-02	1.39778881e-02	-1.64199113e-03	-2.14718429e-04	7.66619083e-04	5.75478438e-03
218             	2.79664249e-02	-1.86939619e-03	6.53259375e-03	-3.79958277e-08	-2.49790135e-03	-7.18407264e-04	1.39831745e-02	1.39832505e-02	-1.65310536e-03	-2.16290831e-04	7.68395527e-04	5.76419823e-03
219             	2.79781056e-02	-1.88131190e-03	6.53722369e-03	-3.70670686e-08	-2.49925091e-03	-7.22875522e-04	1.39890157e-02	1.39890898e-02	-1.66353147e-03	-2.17780428e-04	7.69360931e-04	5.76786276e-03
220             	2.79906873e-02	-1.89233836e-03	6.53505899e-03	-3.61110788e-08	-2.49804604e-03	-7.26997173e-04	1.39953075e-02	1.39953798e-02	-1.67316635e-03	-2.19172009e-04	7.69483455e-04	5.76557554e-03
221             	2.80039347e-02	-1.90231923e-03	6.52592359e-03	-3.51334002e-08	-2.49422137e-03	-7.30713288e-04	1.40019322e-02	1.40020025e-02	-1.68187290e-03	-2.20446325e-04	7.68740426e-04	5.75718317e-03
222             	2.80173770e-02	-1.91111664e-03	6.50985587e-03	-3.41617772e-08	-2.48779478e-03	-7.33972842e-04	1.40086544e-02	1.40087227e-02	-1.68953116e-03	-2.21585477e-04	7.67133153e-04	5.74272272e-03
223             	2.80303685e-02	-1.91865989e-03	6.48706955e-03	-3.32019612e-08	-2.47884972e-03	-7.36749905e-04	1.40151511e-02	1.40152175e-02	-1.69607985e-03	-2.22580042e-04	7.64685054e-04	5.72238450e-03
224             	2.80425721e-02	-1.92490872e-03	6.45780260e-03	-3.22766257e-08	-2.46747893e-03	-7.39030938e-04	1.40212538e-02	1.40213183e-02	-1.70148530e-03	-2.23423421e-04	7.61422374e-04	5.69638023e-03
225             	2.80538631e-02	-1.92978588e-03	6.42236492e-03	-3.13891597e-08	-2.45380045e-03	-7.40787790e-04	1.40269002e-02	1.40269630e-02	-1.70568073e-03	-2.24105152e-04	7.57382008e-04	5.66498291e-03
226             	2.80641569e-02	-1.93324071e-03	6.38107559e-03	-3.05579323e-08	-2.43793726e-03	-7.42003125e-04	1.40320479e-02	1.40321090e-02	-1.70862348e-03	-2.24617230e-04	7.52600535e-04	5.62847505e-03
227             	2.80733199e-02	-1.93524009e-03	6.33438157e-03	-2.97835823e-08	-2.42005906e-03	-7.42665625e-04	1.40366302e-02	1.40366898e-02	-1.71028567e-03	-2.24954420e-04	7.47131729e-04	5.58724985e-03
228             	2.80810610e-02	-1.93584817e-03	6.28295836e-03	-2.90849384e-08	-2.40042313e-03	-7.42801174e-04	1.40405014e-02	1.40405596e-02	-1.71072526e-03	-2.25122909e-04	7.41056050e-04	5.54190231e-03
229             	2.80872528e-02	-1.93504511e-03	6.22739793e-03	-2.84574285e-08	-2.37925253e-03	-7.42403078e-04	1.40435980e-02	1.40436549e-02	-1.70992563e-03	-2.25119474e-04	7.34446429e-04	5.49295150e-03
230             	2.80917262e-02	-1.93289875e-03	6.16843181e-03	-2.79116297e-08	-2.35682459e-03	-7.41498550e-04	1.40458352e-02	1.40458910e-02	-1.70794793e-03	-2.24950827e-04	7.27391318e-04	5.44104050e-03
231             	2.80944738e-02	-1.92943713e-03	6.10678207e-03	-2.74418345e-08	-2.33341096e-03	-7.40099091e-04	1.40472095e-02	1.40472644e-02	-1.70481766e-03	-2.24619474e-04	7.19980072e-04	5.38680200e-03
232             	2.80954781e-02	-1.92471966e-03	6.04321193e-03	-2.70543850e-08	-2.30930014e-03	-7.38228948e-04	1.40477120e-02	1.40477661e-02	-1.70058878e-03	-2.24130880e-04	7.12305820e-04	5.33090611e-03
233             	2.80947686e-02	-1.91884463e-03	5.97839560e-03	-2.67378543e-08	-2.28474588e-03	-7.35926350e-04	1.40473576e-02	1.40474110e-02	-1.69534867e-03	-2.23495966e-04	7.04451921e-04	5.27394368e-03
234             	2.80925210e-02	-1.91192455e-03	5.91299693e-03	-2.64961437e-08	-2.25999852e-03	-7.33234914e-04	1.40462340e-02	1.40462870e-02	-1.68919719e-03	-2.22727362e-04	6.96499943e-04	5.21649699e-03
235             	2.80888708e-02	-1.90408393e-03	5.84766596e-03	-2.63103780e-08	-2.23530134e-03	-7.30202183e-04	1.40444091e-02	1.40444617e-02	-1.68224415e-03	-2.21839782e-04	6.88531642e-04	5.15913432e-03
236             	2.80836299e-02	-1.89547329e-03	5.78313489e-03	-2.61916437e-08	-2.21092943e-03	-7.26886185e-04	1.40417887e-02	1.40418411e-02	-1.67462283e-03	-2.20850459e-04	6.80638014e-04	5.10249688e-03
237             	2.80768710e-02	-1.88625490e-03	5.72004673e-03	-2.61263357e-08	-2.18712323e-03	-7.23348848e-04	1.40384094e-02	1.40384616e-02	-1.66647630e-03	-2.19778602e-04	6.72900134e-04	5.04714660e-03
238             	2.80688224e-02	-1.87657084e-03	5.65880258e-03	-2.61159796e-08	-2.16403088e-03	-7.19644645e-04	1.40343851e-02	1.40344373e-02	-1.65793007e-03	-2.18640777e-04	6.65370415e-04	4.99343217e-03
239             	2.80598020e-02	-1.86659403e-03	5.59979505e-03	-2.61494574e-08	-2.14179674e-03	-7.15838987e-04	1.40298748e-02	1.40299271e-02	-1.64913600e-03	-2.17458029e-04	6.58100782e-04	4.94169427e-03
240             	2.80500250e-02	-1.85650098e-03	5.54342406e-03	-2.62236362e-08	-2.12056918e-03	-7.11999035e-04	1.40249863e-02	1.40250387e-02	-1.64024953e-03	-2.16251455e-04	6.51142855e-04	4.89228121e-03
241             	2.80396249e-02	-1.84642956e-03	5.48999281e-03	-2.63248154e-08	-2.10045914e-03	-7.08176619e-04	1.40197861e-02	1.40198388e-02	-1.63139140e-03	-2.15038163e-04	6.44537267e-04	4.84545555e-03
242             	2.80286648e-02	-1.83651009e-03	5.43974279e-03	-2.64463565e-08	-2.08155486e-03	-7.04420912e-04	1.40143059e-02	1.40143588e-02	-1.62267596e-03	-2.13834132e-04	6.38316534e-04	4.80142625e-03
243             	2.80171663e-02	-1.82686005e-03	5.39280945e-03	-2.65726574e-08	-2.06390356e-03	-7.00775549e-04	1.40085566e-02	1.40086097e-02	-1.61420557e-03	-2.12654477e-04	6.32501171e-04	4.76030828e-03
244             	2.80051701e-02	-1.81760222e-03	5.34926570e-03	-2.67037918e-08	-2.04752967e-03	-6.97286445e-04	1.40025583e-02	1.40026117e-02	-1.60608755e-03	-2.11514663e-04	6.27103182e-04	4.72216252e-03
245             	2.79927564e-02	-1.80884752e-03	5.30909538e-03	-2.68290816e-08	-2.03242397e-03	-6.93994838e-04	1.39963514e-02	1.39964051e-02	-1.59841860e-03	-2.10428924e-04	6.22123723e-04	4.68697165e-03
246             	2.79800937e-02	-1.80070423e-03	5.27226627e-03	-2.69522708e-08	-2.01857208e-03	-6.90941349e-04	1.39900199e-02	1.39900738e-02	-1.59129346e-03	-2.09410766e-04	6.17561056e-04	4.65470521e-03
247             	2.79673768e-02	-1.79326643e-03	5.23868121e-03	-2.70574616e-08	-2.00593451e-03	-6.88160838e-04	1.39836614e-02	1.39837155e-02	-1.58479405e-03	-2.08472377e-04	6.13406098e-04	4.62527511e-03
248             	2.79546818e-02	-1.78662275e-03	5.20823982e-03	-2.71474696e-08	-1.99447188e-03	-6.85686422e-04	1.39773137e-02	1.39773680e-02	-1.57899780e-03	-2.07624952e-04	6.09648031e-04	4.59859179e-03
249             	2.79420348e-02	-1.78083270e-03	5.18075530e-03	-2.72118970e-08	-1.98411190e-03	-6.83539835e-04	1.39709902e-02	1.39710446e-02	-1.57395618e-03	-2.06876513e-04	6.06265751e-04	4.57448955e-03
250             	2.79294260e-02	-1.77594746e-03	5.15602877e-03	-2.72533900e-08	-1.97477882e-03	-6.81739877e-04	1.39646858e-02	1.39647403e-02	-1.56971361e-03	-2.06233854e-04	6.03235562e-04	4.55279321e-03
251             	2.79169158e-02	-1.77198921e-03	5.13386487e-03	-2.72637752e-08	-1.96639792e-03	-6.80293980e-04	1.39584306e-02	1.39584851e-02	-1.56628858e-03	-2.05700623e-04	6.00534514e-04	4.53333036e-03
252             	2.79045615e-02	-1.76895728e-03	5.11404538e-03	-2.72463820e-08	-1.95888648e-03	-6.79201662e-04	1.39522535e-02	1.39523080e-02	-1.56368030e-03	-2.05276976e-04	5.98136211e-04	4.51590916e-03
253             	2.78924288e-02	-1.76686148e-03	5.09636240e-03	-2.71935867e-08	-1.95216591e-03	-6.78465729e-04	1.39461872e-02	1.39462416e-02	-1.56189647e-03	-2.04965013e-04	5.96015294e-04	4.50034711e-03
254             	2.78805754e-02	-1.76573392e-03	5.08063932e-03	-2.71093177e-08	-1.94617064e-03	-6.78097380e-04	1.39402606e-02	1.39403148e-02	-1.56096434e-03	-2.04769581e-04	5.94149024e-04	4.48649030e-03
255             	2.78690125e-02	-1.76557322e-03	5.06665570e-03	-2.69887215e-08	-1.94081817e-03	-6.78095360e-04	1.39344793e-02	1.39345333e-02	-1.56088197e-03	-2.04691252e-04	5.92509678e-04	4.47414603e-03
256             	2.78577776e-02	-1.76636696e-03	5.05419900e-03	-2.68386407e-08	-1.93602976e-03	-6.78454611e-04	1.39288619e-02	1.39289156e-02	-1.56163809e-03	-2.04728867e-04	5.91069741e-04	4.46312925e-03
257             	2.78469238e-02	-1.76808090e-03	5.04303774e-03	-2.66534463e-08	-1.93171884e-03	-6.79161360e-04	1.39234353e-02	1.39234886e-02	-1.56320181e-03	-2.04879089e-04	5.89800029e-04	4.45323772e-03
258             	2.78364884e-02	-1.77068053e-03	5.03299467e-03	-2.64403784e-08	-1.92782016e-03	-6.80201977e-04	1.39182178e-02	1.39182707e-02	-1.56554224e-03	-2.05138290e-04	5.88677174e-04	4.44431749e-03
259             	2.78264727e-02	-1.77411087e-03	5.02389024e-03	-2.61993709e-08	-1.92426710e-03	-6.81555028e-04	1.39132102e-02	1.39132626e-02	-1.56861046e-03	-2.05500406e-04	5.87678024e-04	4.43621222e-03
260             	2.78168552e-02	-1.77833128e-03	5.01558562e-03	-2.59363080e-08	-1.92100949e-03	-6.83205131e-04	1.39084016e-02	1.39084535e-02	-1.57237077e-03	-2.05960507e-04	5.86783321e-04	4.42880230e-03
261             	2.78075688e-02	-1.78328172e-03	5.00793395e-03	-2.56486665e-08	-1.91799352e-03	-6.85129215e-04	1.39037587e-02	1.39038100e-02	-1.57677008e-03	-2.06511647e-04	5.85973460e-04	4.42196049e-03
262             	2.77986210e-02	-1.78889379e-03	5.00081869e-03	-2.53443454e-08	-1.91517756e-03	-6.87301237e-04	1.38992852e-02	1.38993359e-02	-1.58174813e-03	-2.07145657e-04	5.85231782e-04	4.41558691e-03
263             	2.77900473e-02	-1.79509962e-03	4.99412094e-03	-2.50229224e-08	-1.91251844e-03	-6.89695217e-04	1.38949986e-02	1.38950487e-02	-1.58724503e-03	-2.07854593e-04	5.84542034e-04	4.40957891e-03
264             	2.77818606e-02	-1.80184308e-03	4.98772680e-03	-2.46889743e-08	-1.90997522e-03	-6.92290124e-04	1.38909056e-02	1.38909550e-02	-1.59321166e-03	-2.08631414e-04	5.83888174e-04	4.40383862e-03
265             	2.77740627e-02	-1.80905678e-03	4.98152409e-03	-2.43422430e-08	-1.90750683e-03	-6.95060534e-04	1.38870070e-02	1.38870557e-02	-1.59958892e-03	-2.09467856e-04	5.83255215e-04	4.39826888e-03
266             	2.77666302e-02	-1.81668151e-03	4.97543672e-03	-2.39903464e-08	-1.90508619e-03	-6.97984437e-04	1.38832911e-02	1.38833391e-02	-1.60632519e-03	-2.10356317e-04	5.82632175e-04	4.39280455e-03
267             	2.77595303e-02	-1.82465501e-03	4.96939363e-03	-2.36340654e-08	-1.90268733e-03	-7.01038371e-04	1.38797415e-02	1.38797888e-02	-1.61336588e-03	-2.11289136e-04	5.82009486e-04	4.38738414e-03
268             	2.77527234e-02	-1.83292901e-03	4.96335744e-03	-2.32819248e-08	-1.90029766e-03	-7.04204389e-04	1.38763384e-02	1.38763850e-02	-1.62066890e-03	-2.12260117e-04	5.81381060e-04	4.38197638e-03
269             	2.77461654e-02	-1.84144719e-03	4.95728458e-03	-2.29347851e-08	-1.89790166e-03	-7.07461223e-04	1.38730598e-02	1.38731057e-02	-1.62818482e-03	-2.13262374e-04	5.80740632e-04	4.37654395e-03
270             	2.77398096e-02	-1.85017171e-03	4.95116639e-03	-2.26013900e-08	-1.89549739e-03	-7.10795006e-04	1.38698822e-02	1.38699274e-02	-1.63588086e-03	-2.14290850e-04	5.80085805e-04	4.37108058e-03
271             	2.77336233e-02	-1.85906042e-03	4.94498992e-03	-2.22805160e-08	-1.89308044e-03	-7.14190052e-04	1.38667894e-02	1.38668339e-02	-1.64372026e-03	-2.15340158e-04	5.79414523e-04	4.36557540e-03
272             	2.77276037e-02	-1.86808003e-03	4.93877200e-03	-2.19780509e-08	-1.89065777e-03	-7.17634244e-04	1.38637799e-02	1.38638238e-02	-1.65167426e-03	-2.16405772e-04	5.78728232e-04	4.36004377e-03
273             	2.77217443e-02	-1.87719267e-03	4.93252854e-03	-2.16936601e-08	-1.88823529e-03	-7.21113432e-04	1.38608504e-02	1.38608938e-02	-1.65970977e-03	-2.17482904e-04	5.78028983e-04	4.35449956e-03
274             	2.77160423e-02	-1.88637770e-03	4.92629972e-03	-2.14339533e-08	-1.88582874e-03	-7.24620259e-04	1.38579997e-02	1.38580426e-02	-1.66780911e-03	-2.18568590e-04	5.77321121e-04	4.34897860e-03
275             	2.77104754e-02	-1.89561352e-03	4.92012044e-03	-2.11954356e-08	-1.88345113e-03	-7.28146809e-04	1.38552165e-02	1.38552589e-02	-1.67595357e-03	-2.19659952e-04	5.76609089e-04	4.34351135e-03
276             	2.77050206e-02	-1.90488495e-03	4.91404775e-03	-2.09813892e-08	-1.88112417e-03	-7.31687788e-04	1.38524893e-02	1.38525313e-02	-1.68413026e-03	-2.20754686e-04	5.75899701e-04	4.33814805e-03
277             	2.76996489e-02	-1.91418586e-03	4.90814339e-03	-2.07899924e-08	-1.87887057e-03	-7.35241085e-04	1.38498037e-02	1.38498453e-02	-1.69233401e-03	-2.21851843e-04	5.75201126e-04	4.33294226e-03
278             	2.76943376e-02	-1.92352523e-03	4.90249198e-03	-2.06258698e-08	-1.87672218e-03	-7.38810506e-04	1.38471482e-02	1.38471894e-02	-1.70057312e-03	-2.22952109e-04	5.74523808e-04	4.32796818e-03
279             	2.76890886e-02	-1.93289958e-03	4.89716308e-03	-2.04839600e-08	-1.87470464e-03	-7.42394860e-04	1.38445238e-02	1.38445648e-02	-1.70884465e-03	-2.24054929e-04	5.73876898e-04	4.32328618e-03
280             	2.76839163e-02	-1.94231153e-03	4.89223932e-03	-2.03667770e-08	-1.87284891e-03	-7.45995448e-04	1.38419378e-02	1.38419785e-02	-1.71715121e-03	-2.25160315e-04	5.73270752e-04	4.31896857e-03
281             	2.76788286e-02	-1.95176376e-03	4.88779440e-03	-2.02694915e-08	-1.87118177e-03	-7.49613336e-04	1.38393940e-02	1.38394346e-02	-1.72549522e-03	-2.26268546e-04	5.72715431e-04	4.31507897e-03
282             	2.76738365e-02	-1.96127010e-03	4.88391006e-03	-2.01957964e-08	-1.86973354e-03	-7.53254026e-04	1.38368980e-02	1.38369384e-02	-1.73388908e-03	-2.27381024e-04	5.72221486e-04	4.31168857e-03
283             	2.76689530e-02	-1.97085193e-03	4.88065499e-03	-2.01401951e-08	-1.86852908e-03	-7.56925622e-04	1.38344564e-02	1.38344966e-02	-1.74235159e-03	-2.28500342e-04	5.71798411e-04	4.30885658e-03
284             	2.76641905e-02	-1.98053110e-03	4.87810611e-03	-2.01052627e-08	-1.86759701e-03	-7.60636661e-04	1.38320751e-02	1.38321153e-02	-1.75090221e-03	-2.29628888e-04	5.71456043e-04	4.30665007e-03
285             	2.76595463e-02	-1.99031819e-03	4.87631659e-03	-2.00847392e-08	-1.86695642e-03	-7.64391128e-04	1.38297531e-02	1.38297932e-02	-1.75955022e-03	-2.30767965e-04	5.71201876e-04	4.30511471e-03
286             	2.76550284e-02	-2.00023497e-03	4.87534009e-03	-2.00810052e-08	-1.86662697e-03	-7.68197482e-04	1.38274941e-02	1.38275343e-02	-1.76831497e-03	-2.31920005e-04	5.71043069e-04	4.30429702e-03
287             	2.76506475e-02	-2.01029037e-03	4.87520573e-03	-2.00866020e-08	-1.86661842e-03	-7.72058903e-04	1.38253036e-02	1.38253438e-02	-1.77720409e-03	-2.33086280e-04	5.70984442e-04	4.30422129e-03
288             	2.76464159e-02	-2.02050046e-03	4.87594631e-03	-2.01032066e-08	-1.86694260e-03	-7.75981494e-04	1.38231878e-02	1.38232280e-02	-1.78623172e-03	-2.34268735e-04	5.71030555e-04	4.30491576e-03
289             	2.76423549e-02	-2.03088762e-03	4.87756457e-03	-2.01250435e-08	-1.86759954e-03	-7.79973507e-04	1.38211573e-02	1.38211976e-02	-1.79541731e-03	-2.35470301e-04	5.71182743e-04	4.30638182e-03
