# Force coefficients
# dragDir       : (1.00000000e+00 0.00000000e+00 0.00000000e+00)
# sideDir       : (0.00000000e+00 0.00000000e+00 -1.00000000e+00)
# liftDir       : (0.00000000e+00 1.00000000e+00 0.00000000e+00)
# rollAxis      : (1.00000000e+00 0.00000000e+00 0.00000000e+00)
# pitchAxis     : (0.00000000e+00 0.00000000e+00 -1.00000000e+00)
# yawAxis       : (0.00000000e+00 1.00000000e+00 0.00000000e+00)
# magUInf       : 2.00000000e+00
# lRef          : 1.10719220e+00
# Aref          : 2.14266576e-03
# CofR          : (0.00000000e+00 0.00000000e+00 0.00000000e+00)
#
# Time          	Cd              	Cs              	Cl              	CmRoll          	CmPitch         	CmYaw           	Cd(f)           	Cd(r)           	Cs(f)           	Cs(r)           	Cl(f)           	Cl(r)           
1               	4.30971482e+00	-1.56437296e-02	-3.44963163e-02	-1.55097129e-08	1.68839450e-02	-7.94319183e-03	2.15485739e+00	2.15485743e+00	-1.57650567e-02	1.21327004e-04	-3.64213191e-04	-3.41321031e-02
2               	4.10658894e+00	-1.13818613e-02	-2.71998126e-02	3.35532984e-09	1.44443071e-02	-5.55873253e-03	2.05329447e+00	2.05329447e+00	-1.12496632e-02	-1.32198135e-04	8.44400751e-04	-2.80442134e-02
3               	1.39692677e+00	2.46251121e-04	-2.36315215e-03	3.93417669e-08	2.45963027e-03	4.66982787e-04	6.98463423e-01	6.98463344e-01	5.90108347e-04	-3.43857226e-04	1.27805419e-03	-3.64120634e-03
4               	-1.10555587e+00	8.38872396e-03	1.62652634e-02	4.59713552e-08	-7.63843391e-03	4.49401407e-03	-5.52777888e-01	-5.52777980e-01	8.68837605e-03	-2.99652086e-04	4.94197767e-04	1.57710656e-02
5               	-1.76211733e+00	8.33617035e-03	1.76789129e-02	2.50642529e-08	-9.30533573e-03	4.10737323e-03	-8.81058642e-01	-8.81058692e-01	8.27545840e-03	6.07119481e-05	-4.65879253e-04	1.81447922e-02
6               	-7.22301104e-01	2.35053688e-03	6.73246940e-03	1.57668725e-09	-4.11782298e-03	8.45886684e-04	-3.61150550e-01	-3.61150553e-01	2.02115512e-03	3.29381753e-04	-7.51588274e-04	7.48405768e-03
7               	7.65215859e-01	-3.45548456e-03	-5.72595050e-03	-2.54057942e-09	2.47521638e-03	-2.15789104e-03	3.82607927e-01	3.82607932e-01	-3.88563332e-03	4.30148761e-04	-3.87758868e-04	-5.33819163e-03
8               	1.53385783e+00	-4.96124315e-03	-1.01939019e-02	1.64320543e-08	5.17047303e-03	-2.73626550e-03	7.66928931e-01	7.66928899e-01	-5.21688707e-03	2.55643923e-04	7.35220659e-05	-1.02674240e-02
9               	1.30428373e+00	-2.06169511e-03	-5.74298672e-03	4.83665836e-08	3.16318177e-03	-1.08437822e-03	6.52141913e-01	6.52141817e-01	-2.11522577e-03	5.35306603e-05	2.91688409e-04	-6.03467513e-03
10              	5.80437324e-01	1.74163558e-03	1.53035881e-03	7.24599078e-08	-6.69870237e-04	9.43408034e-04	2.90218734e-01	2.90218590e-01	1.81422582e-03	-7.25902442e-05	9.53091695e-05	1.43504964e-03
11              	2.17453331e-02	3.18291803e-03	5.73762361e-03	6.63986807e-08	-3.03939431e-03	1.72786969e-03	1.08727330e-02	1.08726002e-02	3.31932871e-03	-1.36410675e-04	-1.70582505e-04	5.90820612e-03
12              	-5.36234502e-02	1.95936153e-03	4.91541094e-03	3.96461147e-08	-2.71410980e-03	1.06420991e-03	-2.68116855e-02	-2.68117648e-02	2.04389067e-03	-8.45291391e-05	-2.56404332e-04	5.17181527e-03
13              	2.41020180e-01	-3.08591894e-04	1.27490430e-03	9.91863969e-09	-7.76887914e-04	-1.50049419e-04	1.20510100e-01	1.20510080e-01	-3.04345366e-04	-4.24652818e-06	-1.39435763e-04	1.41434007e-03
14              	5.82475225e-01	-1.64910055e-03	-1.78245717e-03	-4.02715763e-09	9.07429430e-04	-9.11974898e-04	2.91237608e-01	2.91237616e-01	-1.73652517e-03	8.74246220e-05	1.62008438e-05	-1.79865802e-03
15              	7.29165789e-01	-1.32322499e-03	-2.33191779e-03	2.73696586e-09	1.23632230e-03	-8.09995517e-04	3.64582897e-01	3.64582892e-01	-1.47160801e-03	1.48383021e-04	7.03634078e-05	-2.40228119e-03
16              	6.54121390e-01	-3.48729095e-05	-9.13007016e-04	2.41570512e-08	4.34238054e-04	-1.61628348e-04	3.27060719e-01	3.27060671e-01	-1.79064802e-04	1.44191893e-04	-2.22654544e-05	-8.90741562e-04
17              	4.88515788e-01	9.04547027e-04	7.77628442e-04	4.50562570e-08	-5.70064186e-04	3.55361093e-04	2.44257939e-01	2.44257849e-01	8.07634607e-04	9.69124199e-05	-1.81249965e-04	9.58878407e-04
18              	3.75897890e-01	8.80659761e-04	1.47108556e-03	5.66596101e-08	-9.72222817e-04	4.16878800e-04	1.87949001e-01	1.87948888e-01	8.57208680e-04	2.34510809e-05	-2.36680037e-04	1.70776560e-03
19              	3.73316598e-01	1.45824991e-04	1.09705742e-03	5.49993969e-08	-6.52557302e-04	1.22604852e-04	1.86658354e-01	1.86658244e-01	1.95517348e-04	-4.96923563e-05	-1.04028593e-04	1.20108601e-03
20              	4.44010130e-01	-5.79437231e-04	2.92958820e-04	4.48668545e-08	-9.52138031e-05	-2.04790408e-04	2.22005110e-01	2.22005020e-01	-4.94509024e-04	-8.49282070e-05	5.12656068e-05	2.41693213e-04
21              	5.15954232e-01	-7.84935732e-04	-1.78805110e-04	3.44867058e-08	2.51883872e-04	-3.26081143e-04	2.57977151e-01	2.57977082e-01	-7.18549009e-04	-6.63867226e-05	1.62481318e-04	-3.41286427e-04
22              	5.42114939e-01	-4.44998719e-04	-9.76806096e-05	2.81474256e-08	1.86293615e-04	-2.03187338e-04	2.71057498e-01	2.71057442e-01	-4.25686697e-04	-1.93120221e-05	1.37453310e-04	-2.35133919e-04
23              	5.22270646e-01	1.71393069e-05	2.20555796e-04	2.71048656e-08	-9.69274749e-05	-9.81322251e-06	2.61135350e-01	2.61135296e-01	-1.24356905e-06	1.83828760e-05	1.33504228e-05	2.07205373e-04
24              	4.87036217e-01	2.68193309e-04	4.76870031e-04	2.87324818e-08	-3.37410030e-04	8.75709315e-05	2.43518137e-01	2.43518080e-01	2.21667586e-04	4.65257231e-05	-9.89750145e-05	5.75845045e-04
25              	4.65566951e-01	1.51563306e-04	4.35220860e-04	3.04429516e-08	-3.20473013e-04	4.76661586e-05	2.32783506e-01	2.32783445e-01	1.23447811e-04	2.81154942e-05	-1.02862583e-04	5.38083443e-04
26              	4.67025495e-01	-1.41827635e-04	1.73723621e-04	2.97068137e-08	-1.16448027e-04	-6.12219722e-05	2.33512777e-01	2.33512718e-01	-1.32135790e-04	-9.69184546e-06	-2.95862168e-05	2.03309837e-04
27              	4.82074459e-01	-3.91039584e-04	-7.72073745e-05	2.75817236e-08	8.81094117e-05	-1.47229838e-04	2.41037257e-01	2.41037202e-01	-3.42749630e-04	-4.82899540e-05	4.95057245e-05	-1.26713099e-04
28              	4.95439468e-01	-4.35193534e-04	-1.05580304e-04	2.44800989e-08	1.54976447e-04	-1.63225760e-04	2.47719758e-01	2.47719709e-01	-3.80822527e-04	-5.43710072e-05	1.02186295e-04	-2.07766599e-04
29              	4.98432878e-01	-2.85861559e-04	4.86674599e-06	2.24983984e-08	7.40479390e-05	-1.08007225e-04	2.49216462e-01	2.49216417e-01	-2.50938005e-04	-3.49235545e-05	7.64813120e-05	-7.16145660e-05
30              	4.92340862e-01	-7.62597715e-05	1.31854830e-04	2.17442308e-08	-5.95146249e-05	-3.59848102e-05	2.46170453e-01	2.46170409e-01	-7.41146960e-05	-2.14507558e-06	6.41279028e-06	1.25442040e-04
31              	4.83888913e-01	4.50492207e-05	1.66839376e-04	2.33062838e-08	-1.29963824e-04	-2.62902246e-06	2.41944480e-01	2.41944433e-01	1.98955879e-05	2.51536328e-05	-4.65441359e-05	2.13383512e-04
32              	4.78762146e-01	2.79676908e-05	7.52321498e-05	2.57284654e-08	-9.76147948e-05	-2.01467346e-05	2.39381099e-01	2.39381047e-01	-6.16288922e-06	3.41305801e-05	-5.99987199e-05	1.35230870e-04
33              	4.78279344e-01	-9.98927341e-05	-5.57449706e-05	2.71864986e-08	3.64031975e-06	-6.05229256e-05	2.39139699e-01	2.39139645e-01	-1.10469293e-04	1.05765585e-05	-2.42321655e-05	-3.15128050e-05
34              	4.80102924e-01	-2.03081006e-04	-1.66412116e-04	2.76328745e-08	8.02861722e-05	-9.17884721e-05	2.40051490e-01	2.40051434e-01	-1.93328975e-04	-9.75203078e-06	-2.91988576e-06	-1.63492230e-04
35              	4.81056667e-01	-2.30939122e-04	-1.82526233e-04	2.74438622e-08	9.57509168e-05	-9.52450686e-05	2.40528361e-01	2.40528306e-01	-2.10714630e-04	-2.02244926e-05	4.48780040e-06	-1.87014033e-04
36              	4.79586834e-01	-1.78100834e-04	-1.29340679e-04	2.71754911e-08	5.75681965e-05	-8.04923953e-05	2.39793444e-01	2.39793390e-01	-1.69542812e-04	-8.55802146e-06	-7.10214297e-06	-1.22238536e-04
37              	4.76252926e-01	-9.38502722e-05	-6.92573337e-05	2.72664130e-08	6.74724348e-06	-6.30896185e-05	2.38126490e-01	2.38126436e-01	-1.10014755e-04	1.61644824e-05	-2.78814233e-05	-4.13759103e-05
38              	4.72592223e-01	-3.96193904e-05	-3.79544072e-05	2.88525336e-08	-1.89446712e-05	-5.19711879e-05	2.36296140e-01	2.36296083e-01	-7.17808831e-05	3.21614927e-05	-3.79218748e-05	-3.25323894e-08
39              	4.69752715e-01	-3.37974878e-05	-5.40863245e-05	3.08094588e-08	-9.58897319e-06	-5.04142313e-05	2.34876388e-01	2.34876327e-01	-6.73129753e-05	3.35154874e-05	-3.66321354e-05	-1.74541890e-05
40              	4.67883132e-01	-6.35519359e-05	-1.03298354e-04	3.21315415e-08	1.88258414e-05	-5.39670785e-05	2.33941598e-01	2.33941534e-01	-8.57430465e-05	2.21911106e-05	-3.28233354e-05	-7.04750182e-05
41              	4.66399147e-01	-9.74784298e-05	-1.42231810e-04	3.27140653e-08	4.59369620e-05	-5.80725540e-05	2.33199606e-01	2.33199541e-01	-1.06811769e-04	9.33333910e-06	-2.51789430e-05	-1.17052867e-04
42              	4.64623683e-01	-1.08442861e-04	-1.48488538e-04	3.24835361e-08	5.62827207e-05	-6.10602764e-05	2.32311874e-01	2.32311809e-01	-1.15281707e-04	6.83884570e-06	-1.79615484e-05	-1.30526990e-04
43              	4.62264833e-01	-1.00117458e-04	-1.32338528e-04	3.21086794e-08	4.60386735e-05	-6.04687945e-05	2.31132449e-01	2.31132384e-01	-1.10527524e-04	1.04100653e-05	-2.01305904e-05	-1.12207937e-04
44              	4.59483304e-01	-8.21573122e-05	-1.15983502e-04	3.20325580e-08	2.61477115e-05	-5.78425298e-05	2.29741684e-01	2.29741620e-01	-9.89211859e-05	1.67638737e-05	-3.18440395e-05	-8.41394625e-05
45              	4.56639551e-01	-7.01072034e-05	-1.03002326e-04	3.19315362e-08	1.35276880e-05	-5.40807250e-05	2.28319808e-01	2.28319744e-01	-8.91343267e-05	1.90271233e-05	-3.79734748e-05	-6.50288509e-05
46              	4.53995929e-01	-6.79609588e-05	-9.38387183e-05	3.19718553e-08	1.44929417e-05	-5.14346522e-05	2.26997997e-01	2.26997933e-01	-8.54151316e-05	1.74541728e-05	-3.24264174e-05	-6.14123009e-05
47              	4.51586394e-01	-7.51804991e-05	-9.58374085e-05	3.23267671e-08	2.20337054e-05	-4.83548302e-05	2.25793229e-01	2.25793165e-01	-8.59450798e-05	1.07645806e-05	-2.58849989e-05	-6.99524096e-05
48              	4.49277069e-01	-8.11077671e-05	-1.05255775e-04	3.26395152e-08	2.89258148e-05	-4.57951091e-05	2.24638567e-01	2.24638502e-01	-8.63489926e-05	5.24122556e-06	-2.37020728e-05	-8.15537023e-05
49              	4.46913768e-01	-7.93030725e-05	-1.14747912e-04	3.29533240e-08	3.01633720e-05	-4.44037385e-05	2.23456917e-01	2.23456851e-01	-8.40552747e-05	4.75220221e-06	-2.72105842e-05	-8.75373282e-05
50              	4.44430690e-01	-7.35327012e-05	-1.19126246e-04	3.31492943e-08	2.61647069e-05	-4.37082560e-05	2.22215378e-01	2.22215312e-01	-8.04746066e-05	6.94190542e-06	-3.33984162e-05	-8.57278300e-05
51              	4.41864548e-01	-6.86215145e-05	-1.20155874e-04	3.31256746e-08	1.95933557e-05	-4.30816516e-05	2.20932307e-01	2.20932241e-01	-7.73924089e-05	8.77089436e-06	-4.04845811e-05	-7.96712924e-05
52              	4.39296587e-01	-6.74661673e-05	-1.16840574e-04	3.29926943e-08	1.56459964e-05	-4.24447996e-05	2.19648327e-01	2.19648261e-01	-7.61778832e-05	8.71171597e-06	-4.27742904e-05	-7.40662832e-05
53              	4.36788445e-01	-6.88591264e-05	-1.13501529e-04	3.30458901e-08	1.55189834e-05	-4.18125179e-05	2.18394256e-01	2.18394190e-01	-7.62420811e-05	7.38295476e-06	-4.12317812e-05	-7.22697480e-05
54              	4.34352502e-01	-7.00428352e-05	-1.13670595e-04	3.34958656e-08	1.72385472e-05	-4.12987243e-05	2.17176285e-01	2.17176218e-01	-7.63201419e-05	6.27730672e-06	-3.95967502e-05	-7.40738445e-05
55              	4.31963287e-01	-7.00560582e-05	-1.17717673e-04	3.41490098e-08	1.83461049e-05	-4.03935749e-05	2.15981678e-01	2.15981609e-01	-7.54216040e-05	5.36554581e-06	-4.05127315e-05	-7.72049413e-05
56              	4.29589062e-01	-6.78316166e-05	-1.21397178e-04	3.48068417e-08	1.86717938e-05	-3.92220933e-05	2.14794566e-01	2.14794496e-01	-7.31379016e-05	5.30628504e-06	-4.20267952e-05	-7.93703829e-05
57              	4.27214932e-01	-6.42646086e-05	-1.22923144e-04	3.52725567e-08	1.83704180e-05	-3.79290776e-05	2.13607501e-01	2.13607431e-01	-7.00613819e-05	5.79677329e-06	-4.30911542e-05	-7.98319902e-05
58              	4.24849116e-01	-6.05560926e-05	-1.21737697e-04	3.55483223e-08	1.84634585e-05	-3.67684739e-05	2.12424594e-01	2.12424523e-01	-6.70465202e-05	6.49042762e-06	-4.24053902e-05	-7.93323072e-05
59              	4.22510114e-01	-5.81783363e-05	-1.19080309e-04	3.57023874e-08	1.97373921e-05	-3.58015827e-05	2.11255093e-01	2.11255021e-01	-6.48907509e-05	6.71241458e-06	-3.98027626e-05	-7.92775468e-05
60              	4.20212626e-01	-5.73077385e-05	-1.17020635e-04	3.57982215e-08	2.19055136e-05	-3.50506749e-05	2.10106349e-01	2.10106277e-01	-6.37045442e-05	6.39680571e-06	-3.66048039e-05	-8.04158311e-05
61              	4.17960320e-01	-5.68379973e-05	-1.16643923e-04	3.60437118e-08	2.41434494e-05	-3.45933833e-05	2.08980196e-01	2.08980124e-01	-6.30123820e-05	6.17438468e-06	-3.41785123e-05	-8.24654111e-05
62              	4.15748419e-01	-5.54187362e-05	-1.16783198e-04	3.64251605e-08	2.57642727e-05	-3.45100337e-05	2.07874246e-01	2.07874173e-01	-6.22194018e-05	6.80066560e-06	-3.26273263e-05	-8.41558718e-05
63              	4.13570950e-01	-5.41554705e-05	-1.16191758e-04	3.69231164e-08	2.66601419e-05	-3.43160614e-05	2.06785512e-01	2.06785438e-01	-6.13937966e-05	7.23832613e-06	-3.14357372e-05	-8.47560210e-05
64              	4.11425774e-01	-5.34303732e-05	-1.14583824e-04	3.74546367e-08	2.71879983e-05	-3.38714656e-05	2.05712925e-01	2.05712850e-01	-6.05866522e-05	7.15627901e-06	-3.01039136e-05	-8.44799102e-05
65              	4.09315486e-01	-5.25572263e-05	-1.12242405e-04	3.78804690e-08	2.79837801e-05	-3.33310483e-05	2.04657781e-01	2.04657705e-01	-5.96096615e-05	7.05243520e-06	-2.81374223e-05	-8.41049826e-05
66              	4.07245500e-01	-5.11702229e-05	-1.10972524e-04	3.81242585e-08	2.90667796e-05	-3.28111813e-05	2.03622788e-01	2.03622712e-01	-5.83962927e-05	7.22606985e-06	-2.64194824e-05	-8.45530416e-05
67              	4.05220508e-01	-4.93179049e-05	-1.11041703e-04	3.82564880e-08	3.01935969e-05	-3.24513655e-05	2.02610292e-01	2.02610216e-01	-5.71103180e-05	7.79241310e-06	-2.53272548e-05	-8.57144486e-05
68              	4.03242449e-01	-4.74426365e-05	-1.12386818e-04	3.83518218e-08	3.10386635e-05	-3.22893033e-05	2.01621263e-01	2.01621186e-01	-5.60106216e-05	8.56798503e-06	-2.51547456e-05	-8.72320727e-05
69              	4.01310606e-01	-4.57793733e-05	-1.15012324e-04	3.84840020e-08	3.14513836e-05	-3.23395335e-05	2.00655342e-01	2.00655265e-01	-5.52292201e-05	9.44984687e-06	-2.60547786e-05	-8.89575458e-05
70              	3.99423149e-01	-4.44580551e-05	-1.18234891e-04	3.86803555e-08	3.17401876e-05	-3.23230662e-05	1.99711613e-01	1.99711536e-01	-5.45520937e-05	1.00940386e-05	-2.73772579e-05	-9.08576331e-05
71              	3.97578847e-01	-4.34408566e-05	-1.21344775e-04	3.89515339e-08	3.20997554e-05	-3.20492397e-05	1.98789462e-01	1.98789384e-01	-5.37696680e-05	1.03288114e-05	-2.85726322e-05	-9.27721431e-05
72              	3.95777555e-01	-4.24790118e-05	-1.23926434e-04	3.93383074e-08	3.23467699e-05	-3.16196244e-05	1.97888817e-01	1.97888738e-01	-5.28591302e-05	1.03801185e-05	-2.96164468e-05	-9.43099867e-05
73              	3.94020322e-01	-4.11877000e-05	-1.25682271e-04	3.97697061e-08	3.25000792e-05	-3.12923366e-05	1.97010201e-01	1.97010121e-01	-5.18861866e-05	1.06984866e-05	-3.03410563e-05	-9.53412146e-05
74              	3.92308760e-01	-3.95481644e-05	-1.26946223e-04	4.01652279e-08	3.25209497e-05	-3.11764832e-05	1.96154420e-01	1.96154340e-01	-5.09505654e-05	1.14024010e-05	-3.09521619e-05	-9.59940614e-05
75              	3.90644133e-01	-3.79175955e-05	-1.27861841e-04	4.05158399e-08	3.23636634e-05	-3.11560294e-05	1.95322107e-01	1.95322026e-01	-5.01148271e-05	1.21972317e-05	-3.15672570e-05	-9.62945837e-05
76              	3.89027055e-01	-3.64586716e-05	-1.28895894e-04	4.07594347e-08	3.21649812e-05	-3.10693017e-05	1.94513568e-01	1.94513487e-01	-4.92986374e-05	1.28399659e-05	-3.22829657e-05	-9.66129281e-05
77              	3.87457479e-01	-3.51229101e-05	-1.30429523e-04	4.09325351e-08	3.20489350e-05	-3.09056127e-05	1.93728780e-01	1.93728699e-01	-4.84670678e-05	1.33441577e-05	-3.31658267e-05	-9.72636967e-05
78              	3.85934712e-01	-3.35277052e-05	-1.32153746e-04	4.10552652e-08	3.20855039e-05	-3.06911185e-05	1.92967397e-01	1.92967315e-01	-4.74549711e-05	1.39272659e-05	-3.39913691e-05	-9.81623768e-05
79              	3.84457643e-01	-3.16372549e-05	-1.33370167e-04	4.11735371e-08	3.22142126e-05	-3.04464759e-05	1.92228863e-01	1.92228780e-01	-4.62651034e-05	1.46278485e-05	-3.44708709e-05	-9.88992962e-05
80              	3.83025293e-01	-2.99625663e-05	-1.33653702e-04	4.13016245e-08	3.24222738e-05	-3.02161675e-05	1.91512688e-01	1.91512605e-01	-4.51974507e-05	1.52348843e-05	-3.44045773e-05	-9.92491249e-05
81              	3.81636942e-01	-2.90236673e-05	-1.32885657e-04	4.14157006e-08	3.27794123e-05	-2.99945336e-05	1.90818513e-01	1.90818430e-01	-4.45063672e-05	1.54827000e-05	-3.36634162e-05	-9.92222407e-05
82              	3.80292097e-01	-2.86042515e-05	-1.31956202e-04	4.15265790e-08	3.32075194e-05	-2.97817038e-05	1.90146090e-01	1.90146007e-01	-4.40838296e-05	1.54795781e-05	-3.27705817e-05	-9.91856205e-05
83              	3.78990514e-01	-2.82665725e-05	-1.31189397e-04	4.16450255e-08	3.35964993e-05	-2.96341589e-05	1.89495299e-01	1.89495215e-01	-4.37674451e-05	1.55008726e-05	-3.19981992e-05	-9.91911977e-05
84              	3.77732027e-01	-2.76716779e-05	-1.30655422e-04	4.17590214e-08	3.39721526e-05	-2.95060694e-05	1.88866055e-01	1.88865972e-01	-4.33419084e-05	1.56702305e-05	-3.13555586e-05	-9.92998637e-05
85              	3.76516264e-01	-2.67689984e-05	-1.30213995e-04	4.18690108e-08	3.43382474e-05	-2.92915131e-05	1.88258174e-01	1.88258090e-01	-4.26760123e-05	1.59070139e-05	-3.07687502e-05	-9.94452450e-05
86              	3.75342608e-01	-2.58883467e-05	-1.29586781e-04	4.19690413e-08	3.47819044e-05	-2.89090086e-05	1.87671346e-01	1.87671262e-01	-4.18531819e-05	1.59648353e-05	-3.00114861e-05	-9.95752949e-05
87              	3.74210249e-01	-2.51129147e-05	-1.28712844e-04	4.20676445e-08	3.53086392e-05	-2.82870150e-05	1.87105167e-01	1.87105083e-01	-4.08434723e-05	1.57305577e-05	-2.90477827e-05	-9.96650610e-05
88              	3.73118155e-01	-2.45581850e-05	-1.27630890e-04	4.21438025e-08	3.57838740e-05	-2.75793952e-05	1.86559119e-01	1.86559035e-01	-3.98584877e-05	1.53003027e-05	-2.80315709e-05	-9.95993190e-05
89              	3.72065381e-01	-2.42785862e-05	-1.26744050e-04	4.22217104e-08	3.61867573e-05	-2.69688788e-05	1.86032733e-01	1.86032648e-01	-3.91081719e-05	1.48295858e-05	-2.71852679e-05	-9.95587825e-05
90              	3.71050949e-01	-2.41235627e-05	-1.26457397e-04	4.23178901e-08	3.64957616e-05	-2.65772848e-05	1.85525517e-01	1.85525432e-01	-3.86390662e-05	1.45155035e-05	-2.67329369e-05	-9.97244601e-05
91              	3.70073871e-01	-2.39101504e-05	-1.26691769e-04	4.24301941e-08	3.66724244e-05	-2.63249925e-05	1.85036978e-01	1.85036893e-01	-3.82800678e-05	1.43699173e-05	-2.66734600e-05	-1.00018309e-04
92              	3.69133249e-01	-2.37382622e-05	-1.26890896e-04	4.25514751e-08	3.67569407e-05	-2.60356047e-05	1.84566667e-01	1.84566582e-01	-3.79047358e-05	1.41664736e-05	-2.66885075e-05	-1.00202389e-04
93              	3.68228274e-01	-2.35533454e-05	-1.27033814e-04	4.26649662e-08	3.68173263e-05	-2.56013642e-05	1.84114180e-01	1.84114094e-01	-3.73780369e-05	1.38246915e-05	-2.66995808e-05	-1.00334233e-04
94              	3.67358148e-01	-2.32178563e-05	-1.27045130e-04	4.27834605e-08	3.68890142e-05	-2.50775730e-05	1.83679117e-01	1.83679031e-01	-3.66865011e-05	1.34686448e-05	-2.66335510e-05	-1.00411579e-04
95              	3.66522124e-01	-2.27766819e-05	-1.27117630e-04	4.28858441e-08	3.69517987e-05	-2.45205768e-05	1.83261105e-01	1.83261019e-01	-3.59089178e-05	1.31322359e-05	-2.66070162e-05	-1.00510614e-04
96              	3.65719437e-01	-2.22383034e-05	-1.27424377e-04	4.29591911e-08	3.69487868e-05	-2.40032749e-05	1.82859761e-01	1.82859675e-01	-3.51224266e-05	1.28841232e-05	-2.67634018e-05	-1.00660975e-04
97              	3.64949297e-01	-2.16196514e-05	-1.28131165e-04	4.30331823e-08	3.68722856e-05	-2.34990066e-05	1.82474691e-01	1.82474605e-01	-3.43088323e-05	1.26891809e-05	-2.71932967e-05	-1.00937868e-04
98              	3.64210817e-01	-2.08859566e-05	-1.29052916e-04	4.31090834e-08	3.68293599e-05	-2.29417967e-05	1.82105452e-01	1.82105366e-01	-3.33847750e-05	1.24988184e-05	-2.76970980e-05	-1.01355818e-04
99              	3.63503031e-01	-2.00585568e-05	-1.29917766e-04	4.31938717e-08	3.68412984e-05	-2.23377811e-05	1.81751559e-01	1.81751472e-01	-3.23670595e-05	1.23085027e-05	-2.81175845e-05	-1.01800181e-04
100             	3.62825360e-01	-1.91092618e-05	-1.30472423e-04	4.32640372e-08	3.68444729e-05	-2.17520034e-05	1.81412723e-01	1.81412637e-01	-3.13066343e-05	1.21973724e-05	-2.83917388e-05	-1.02080685e-04
101             	3.62177355e-01	-1.81069550e-05	-1.30657673e-04	4.33333583e-08	3.68463187e-05	-2.12185050e-05	1.81088721e-01	1.81088634e-01	-3.02719825e-05	1.21650275e-05	-2.84825179e-05	-1.02175155e-04
102             	3.61558154e-01	-1.71107389e-05	-1.30445334e-04	4.34041818e-08	3.68239292e-05	-2.07093555e-05	1.80779120e-01	1.80779034e-01	-2.92647250e-05	1.21539861e-05	-2.83987379e-05	-1.02046596e-04
103             	3.60966902e-01	-1.61092558e-05	-1.30062890e-04	4.34748965e-08	3.67205418e-05	-2.01878537e-05	1.80483495e-01	1.80483408e-01	-2.82424816e-05	1.21332258e-05	-2.83109033e-05	-1.01751987e-04
104             	3.60402732e-01	-1.50170783e-05	-1.29630638e-04	4.35574908e-08	3.65603336e-05	-1.96440317e-05	1.80201410e-01	1.80201323e-01	-2.71525708e-05	1.21354925e-05	-2.82549856e-05	-1.01375653e-04
105             	3.59864758e-01	-1.38392444e-05	-1.29068070e-04	4.36536486e-08	3.63979491e-05	-1.90670226e-05	1.79932423e-01	1.79932335e-01	-2.59866448e-05	1.21474003e-05	-2.81360858e-05	-1.00931984e-04
106             	3.59352016e-01	-1.25423979e-05	-1.28392669e-04	4.37642395e-08	3.62619020e-05	-1.85135541e-05	1.79676052e-01	1.79675964e-01	-2.47847530e-05	1.22423551e-05	-2.79344324e-05	-1.00458236e-04
107             	3.58863507e-01	-1.11358572e-05	-1.27755648e-04	4.38751025e-08	3.62182590e-05	-1.79811250e-05	1.79431797e-01	1.79431710e-01	-2.35490536e-05	1.24131964e-05	-2.76595649e-05	-1.00096083e-04
108             	3.58398226e-01	-9.74760559e-06	-1.27153282e-04	4.39889555e-08	3.62538617e-05	-1.74142145e-05	1.79199157e-01	1.79199069e-01	-2.22880173e-05	1.25404117e-05	-2.73227791e-05	-9.98305025e-05
109             	3.57955206e-01	-8.31357417e-06	-1.26535086e-04	4.41021694e-08	3.62556942e-05	-1.67990103e-05	1.78977647e-01	1.78977559e-01	-2.09557974e-05	1.26422232e-05	-2.70118489e-05	-9.95232373e-05
110             	3.57533512e-01	-6.77340952e-06	-1.25686431e-04	4.42120945e-08	3.60936299e-05	-1.61652305e-05	1.78766800e-01	1.78766712e-01	-1.95519353e-05	1.27785258e-05	-2.67495858e-05	-9.89368456e-05
111             	3.57132215e-01	-5.22485598e-06	-1.24277020e-04	4.43090899e-08	3.57640886e-05	-1.55071719e-05	1.78566152e-01	1.78566063e-01	-1.81195999e-05	1.28947439e-05	-2.63744215e-05	-9.79025986e-05
112             	3.56750406e-01	-3.60290163e-06	-1.22531857e-04	4.44161086e-08	3.53812662e-05	-1.48534729e-05	1.78375247e-01	1.78375158e-01	-1.66549237e-05	1.30520221e-05	-2.58846625e-05	-9.66471948e-05
113             	3.56387168e-01	-2.01752991e-06	-1.20921162e-04	4.45239430e-08	3.50194359e-05	-1.42631640e-05	1.78193629e-01	1.78193540e-01	-1.52719290e-05	1.32543991e-05	-2.54411453e-05	-9.54800171e-05
114             	3.56041575e-01	-6.35882797e-07	-1.19652734e-04	4.46187770e-08	3.47695824e-05	-1.37133023e-05	1.78020832e-01	1.78020743e-01	-1.40312437e-05	1.33953609e-05	-2.50567844e-05	-9.45959493e-05
115             	3.55712729e-01	6.54084579e-07	-1.18825810e-04	4.47071126e-08	3.46198341e-05	-1.31450924e-05	1.77856409e-01	1.77856320e-01	-1.28180501e-05	1.34721347e-05	-2.47930710e-05	-9.40327391e-05
116             	3.55399749e-01	2.11237665e-06	-1.18282073e-04	4.47949273e-08	3.44385408e-05	-1.25449141e-05	1.77699919e-01	1.77699830e-01	-1.14887258e-05	1.36011024e-05	-2.47024956e-05	-9.35795773e-05
117             	3.55101763e-01	3.67163209e-06	-1.17542346e-04	4.48930631e-08	3.41283209e-05	-1.19136028e-05	1.77550926e-01	1.77550837e-01	-1.00777867e-05	1.37494188e-05	-2.46428523e-05	-9.28994942e-05
118             	3.54817911e-01	5.27603282e-06	-1.16420184e-04	4.49955194e-08	3.36419290e-05	-1.12933123e-05	1.77409000e-01	1.77408910e-01	-8.65529590e-06	1.39313287e-05	-2.45681630e-05	-9.18520209e-05
119             	3.54547349e-01	6.90153443e-06	-1.15079489e-04	4.50919829e-08	3.30182098e-05	-1.06882686e-05	1.77273720e-01	1.77273629e-01	-7.23750143e-06	1.41390359e-05	-2.45215346e-05	-9.05579543e-05
120             	3.54289243e-01	8.34855610e-06	-1.13748769e-04	4.51885785e-08	3.23464085e-05	-1.01385176e-05	1.77144667e-01	1.77144576e-01	-5.96423959e-06	1.43127957e-05	-2.45279762e-05	-8.92207932e-05
121             	3.54042852e-01	9.71444314e-06	-1.12569194e-04	4.52770676e-08	3.17299455e-05	-9.63650758e-06	1.77021471e-01	1.77021381e-01	-4.77928601e-06	1.44937292e-05	-2.45546515e-05	-8.80145425e-05
122             	3.53807448e-01	1.09763165e-05	-1.11788572e-04	4.53761586e-08	3.12345126e-05	-9.16862472e-06	1.76903770e-01	1.76903679e-01	-3.68046647e-06	1.46567830e-05	-2.46597735e-05	-8.71287986e-05
123             	3.53582347e-01	1.22415547e-05	-1.11121022e-04	4.54775919e-08	3.07693379e-05	-8.69549076e-06	1.76791219e-01	1.76791128e-01	-2.57471342e-06	1.48162681e-05	-2.47911731e-05	-8.63298489e-05
124             	3.53366885e-01	1.36190253e-05	-1.10313394e-04	4.55726641e-08	3.02007418e-05	-8.17642226e-06	1.76683488e-01	1.76683397e-01	-1.36690963e-06	1.49859349e-05	-2.49559551e-05	-8.53574388e-05
125             	3.53160401e-01	1.50871669e-05	-1.09248740e-04	4.56683005e-08	2.95101413e-05	-7.63205407e-06	1.76580246e-01	1.76580155e-01	-8.84706302e-08	1.51756375e-05	-2.51142288e-05	-8.41345113e-05
126             	3.52962248e-01	1.65672536e-05	-1.08038770e-04	4.57597997e-08	2.87346094e-05	-7.11218815e-06	1.76481170e-01	1.76481078e-01	1.17143862e-06	1.53958149e-05	-2.52847758e-05	-8.27539945e-05
127             	3.52771846e-01	1.80154478e-05	-1.06752259e-04	4.58294034e-08	2.79442023e-05	-6.64543478e-06	1.76385969e-01	1.76385877e-01	2.36228911e-06	1.56531587e-05	-2.54319272e-05	-8.13203317e-05
128             	3.52588699e-01	1.93828101e-05	-1.05656207e-04	4.58922007e-08	2.71763058e-05	-6.20369465e-06	1.76294396e-01	1.76294304e-01	3.48771039e-06	1.58950997e-05	-2.56517976e-05	-8.00044093e-05
129             	3.52412314e-01	2.06398075e-05	-1.04786941e-04	4.59436822e-08	2.64115743e-05	-5.77422402e-06	1.76206203e-01	1.76206111e-01	4.54567970e-06	1.60941277e-05	-2.59818963e-05	-7.88050449e-05
130             	3.52242239e-01	2.18079735e-05	-1.03894631e-04	4.60013995e-08	2.56206553e-05	-5.35892599e-06	1.76121166e-01	1.76121074e-01	5.54506076e-06	1.62629127e-05	-2.63266601e-05	-7.75679706e-05
131             	3.52078026e-01	2.29091771e-05	-1.02912598e-04	4.60588211e-08	2.47827370e-05	-4.96013942e-06	1.76039059e-01	1.76038967e-01	6.49444913e-06	1.64147280e-05	-2.66735621e-05	-7.62390361e-05
132             	3.51919228e-01	2.40400398e-05	-1.01867187e-04	4.61303985e-08	2.38843420e-05	-4.57340371e-06	1.75959660e-01	1.75959568e-01	7.44661618e-06	1.65934236e-05	-2.70492516e-05	-7.48179356e-05
133             	3.51765446e-01	2.51143765e-05	-1.00792335e-04	4.61931763e-08	2.29382927e-05	-4.18867019e-06	1.75882769e-01	1.75882677e-01	8.36851804e-06	1.67458584e-05	-2.74578748e-05	-7.33344602e-05
134             	3.51616335e-01	2.61275277e-05	-9.96623444e-05	4.62518755e-08	2.19659086e-05	-3.81155620e-06	1.75808214e-01	1.75808121e-01	9.25220763e-06	1.68753200e-05	-2.78652636e-05	-7.17970808e-05
135             	3.51471581e-01	2.71158550e-05	-9.85115512e-05	4.63185521e-08	2.09697014e-05	-3.43748888e-06	1.75735837e-01	1.75735744e-01	1.01204386e-05	1.69954164e-05	-2.82860742e-05	-7.02254770e-05
136             	3.51330908e-01	2.80726702e-05	-9.73309614e-05	4.63878248e-08	1.99489774e-05	-3.07401153e-06	1.75665500e-01	1.75665408e-01	1.09623236e-05	1.71103466e-05	-2.87165033e-05	-6.86144581e-05
137             	3.51194038e-01	2.89356585e-05	-9.60735861e-05	4.64502109e-08	1.89147461e-05	-2.71974277e-06	1.75597065e-01	1.75596972e-01	1.17480865e-05	1.71875720e-05	-2.91220469e-05	-6.69515392e-05
138             	3.51060673e-01	2.96614484e-05	-9.47854324e-05	4.65027570e-08	1.78551652e-05	-2.39217018e-06	1.75530383e-01	1.75530290e-01	1.24385540e-05	1.72228944e-05	-2.95375510e-05	-6.52478814e-05
139             	3.50930573e-01	3.03191600e-05	-9.35287703e-05	4.65423729e-08	1.67791385e-05	-2.07782051e-06	1.75465333e-01	1.75465240e-01	1.30817595e-05	1.72374005e-05	-2.99852466e-05	-6.35435237e-05
140             	3.50803526e-01	3.08770162e-05	-9.22810368e-05	4.65730313e-08	1.57197050e-05	-1.78658819e-06	1.75401810e-01	1.75401716e-01	1.36519199e-05	1.72250963e-05	-3.04208134e-05	-6.18602234e-05
141             	3.50679331e-01	3.13747306e-05	-9.10481941e-05	4.65977412e-08	1.47002312e-05	-1.50795928e-06	1.75339712e-01	1.75339619e-01	1.41794060e-05	1.71953246e-05	-3.08238659e-05	-6.02243282e-05
142             	3.50557818e-01	3.18380376e-05	-8.98071752e-05	4.66203862e-08	1.37207549e-05	-1.24229916e-06	1.75278955e-01	1.75278862e-01	1.46767197e-05	1.71613180e-05	-3.11828328e-05	-5.86243425e-05
143             	3.50438793e-01	3.22543408e-05	-8.85045939e-05	4.66463125e-08	1.27523150e-05	-9.83652374e-07	1.75219443e-01	1.75219350e-01	1.51435180e-05	1.71108228e-05	-3.14999820e-05	-5.70046119e-05
144             	3.50322069e-01	3.26211046e-05	-8.71039742e-05	4.66873142e-08	1.17451649e-05	-7.26921430e-07	1.75161081e-01	1.75160988e-01	1.55836309e-05	1.70374737e-05	-3.18068222e-05	-5.52971520e-05
145             	3.50207449e-01	3.29035447e-05	-8.56301374e-05	4.67392431e-08	1.07292114e-05	-4.90549839e-07	1.75103771e-01	1.75103678e-01	1.59612225e-05	1.69423222e-05	-3.20858573e-05	-5.35442801e-05
146             	3.50094759e-01	3.31059966e-05	-8.41580612e-05	4.67887560e-08	9.77058341e-06	-2.92661312e-07	1.75047426e-01	1.75047333e-01	1.62603370e-05	1.68456596e-05	-3.23084472e-05	-5.18496140e-05
147             	3.49983870e-01	3.32918865e-05	-8.25981085e-05	4.68299915e-08	8.88616734e-06	-1.17192982e-07	1.74991982e-01	1.74991888e-01	1.65287503e-05	1.67631363e-05	-3.24128869e-05	-5.01852216e-05
148             	3.49874667e-01	3.34076767e-05	-8.09222676e-05	4.68721768e-08	8.03882520e-06	4.42730279e-08	1.74937380e-01	1.74937286e-01	1.67481114e-05	1.66595653e-05	-3.24223086e-05	-4.84999590e-05
149             	3.49767010e-01	3.34677474e-05	-7.91616318e-05	4.69174070e-08	7.20721985e-06	1.95147628e-07	1.74883552e-01	1.74883458e-01	1.69290213e-05	1.65387261e-05	-3.23735960e-05	-4.67880357e-05
150             	3.49660791e-01	3.35051919e-05	-7.73805544e-05	4.69722373e-08	6.39822849e-06	3.34644779e-07	1.74830443e-01	1.74830349e-01	1.70872407e-05	1.64179512e-05	-3.22920487e-05	-4.50885057e-05
151             	3.49555852e-01	3.35504676e-05	-7.56251861e-05	4.70276364e-08	5.61595113e-06	4.62173976e-07	1.74777973e-01	1.74777879e-01	1.72374078e-05	1.63130598e-05	-3.21966419e-05	-4.34285442e-05
152             	3.49452079e-01	3.35861487e-05	-7.38644327e-05	4.70865071e-08	4.86570320e-06	5.87830397e-07	1.74726087e-01	1.74725993e-01	1.73809047e-05	1.62052440e-05	-3.20665132e-05	-4.17979196e-05
153             	3.49349359e-01	3.36246594e-05	-7.21138020e-05	4.71416041e-08	4.15663991e-06	7.01814723e-07	1.74674727e-01	1.74674632e-01	1.75141444e-05	1.61105150e-05	-3.19002611e-05	-4.02135409e-05
154             	3.49247613e-01	3.36337682e-05	-7.03912422e-05	4.71966968e-08	3.50159532e-06	7.91521877e-07	1.74623854e-01	1.74623759e-01	1.76084060e-05	1.60253622e-05	-3.16940258e-05	-3.86972164e-05
155             	3.49146799e-01	3.36282710e-05	-6.87111967e-05	4.72561478e-08	2.91730081e-06	8.61759570e-07	1.74573447e-01	1.74573352e-01	1.76758950e-05	1.59523759e-05	-3.14382975e-05	-3.72728992e-05
156             	3.49046860e-01	3.35596310e-05	-6.70361247e-05	4.73094030e-08	2.36575633e-06	9.17152973e-07	1.74523478e-01	1.74523383e-01	1.76969685e-05	1.58626625e-05	-3.11523060e-05	-3.58838187e-05
157             	3.48947692e-01	3.34034502e-05	-6.53158333e-05	4.73624347e-08	1.81198912e-06	9.39284292e-07	1.74473893e-01	1.74473799e-01	1.76410094e-05	1.57624408e-05	-3.08459276e-05	-3.44699058e-05
158             	3.48849173e-01	3.32643314e-05	-6.36452253e-05	4.74168751e-08	1.28423045e-06	9.49942217e-07	1.74424634e-01	1.74424539e-01	1.75821079e-05	1.56822235e-05	-3.05383822e-05	-3.31068431e-05
159             	3.48751226e-01	3.31403293e-05	-6.20615419e-05	4.74821092e-08	7.88761187e-07	9.62009937e-07	1.74375661e-01	1.74375566e-01	1.75321746e-05	1.56081547e-05	-3.02420098e-05	-3.18195321e-05
160             	3.48653817e-01	3.31003884e-05	-6.05156738e-05	4.75456375e-08	3.13619727e-07	9.89978981e-07	1.74326956e-01	1.74326861e-01	1.75401732e-05	1.55602152e-05	-2.99442172e-05	-3.05714566e-05
161             	3.48556939e-01	3.30968088e-05	-5.89856884e-05	4.76079227e-08	-1.46879628e-07	1.02588650e-06	1.74278517e-01	1.74278422e-01	1.75742909e-05	1.55225179e-05	-2.96397238e-05	-2.93459646e-05
162             	3.48460560e-01	3.30785081e-05	-5.74627002e-05	4.76691821e-08	-5.94612689e-07	1.06018141e-06	1.74230328e-01	1.74230232e-01	1.75994354e-05	1.54790726e-05	-2.93259628e-05	-2.81367374e-05
163             	3.48364630e-01	3.30771280e-05	-5.60339626e-05	4.77314496e-08	-1.02868036e-06	1.09580816e-06	1.74182363e-01	1.74182267e-01	1.76343722e-05	1.54427559e-05	-2.90456617e-05	-2.69883009e-05
164             	3.48269073e-01	3.31229080e-05	-5.47282053e-05	4.77948324e-08	-1.43616568e-06	1.14741105e-06	1.74134584e-01	1.74134489e-01	1.77088650e-05	1.54140429e-05	-2.88002683e-05	-2.59279370e-05
165             	3.48173845e-01	3.31588966e-05	-5.35560604e-05	4.78547195e-08	-1.81162796e-06	1.20675564e-06	1.74086970e-01	1.74086875e-01	1.77862040e-05	1.53726927e-05	-2.85896581e-05	-2.49664022e-05
166             	3.48078914e-01	3.32238952e-05	-5.24960016e-05	4.79164502e-08	-2.15577152e-06	1.26215159e-06	1.74039505e-01	1.74039409e-01	1.78740992e-05	1.53497960e-05	-2.84037723e-05	-2.40922293e-05
167             	3.47984278e-01	3.32998303e-05	-5.15004129e-05	4.79786235e-08	-2.48310107e-06	1.30804066e-06	1.73992187e-01	1.73992091e-01	1.79579558e-05	1.53418745e-05	-2.82333075e-05	-2.32671054e-05
168             	3.47889962e-01	3.33965481e-05	-5.05212834e-05	4.80423015e-08	-2.81550843e-06	1.35861097e-06	1.73945029e-01	1.73944933e-01	1.80568850e-05	1.53396631e-05	-2.80761501e-05	-2.24451333e-05
169             	3.47795968e-01	3.35170359e-05	-4.95763477e-05	4.81013734e-08	-3.15196480e-06	1.41857844e-06	1.73898032e-01	1.73897936e-01	1.81770964e-05	1.53399395e-05	-2.79401387e-05	-2.16362091e-05
170             	3.47702260e-01	3.36138977e-05	-4.87055463e-05	4.81610062e-08	-3.48467483e-06	1.47476624e-06	1.73851178e-01	1.73851082e-01	1.82817151e-05	1.53321826e-05	-2.78374480e-05	-2.08680983e-05
171             	3.47608801e-01	3.36779997e-05	-4.79264116e-05	4.82142479e-08	-3.79790051e-06	1.51796992e-06	1.73804448e-01	1.73804352e-01	1.83569698e-05	1.53210300e-05	-2.77611063e-05	-2.01653053e-05
172             	3.47515568e-01	3.37454403e-05	-4.72708163e-05	4.82633266e-08	-4.08927360e-06	1.55187877e-06	1.73757832e-01	1.73757736e-01	1.84245989e-05	1.53208414e-05	-2.77246818e-05	-1.95461346e-05
173             	3.47422570e-01	3.38582055e-05	-4.66978987e-05	4.83087830e-08	-4.35940401e-06	1.59101106e-06	1.73711333e-01	1.73711236e-01	1.85201138e-05	1.53380917e-05	-2.77083534e-05	-1.89895454e-05
174             	3.47329817e-01	3.39583173e-05	-4.62034904e-05	4.83498792e-08	-4.61457691e-06	1.61764345e-06	1.73664957e-01	1.73664860e-01	1.85968021e-05	1.53615152e-05	-2.77163221e-05	-1.84871683e-05
175             	3.47237327e-01	3.39926753e-05	-4.57362715e-05	4.83890384e-08	-4.85430397e-06	1.62385766e-06	1.73618712e-01	1.73618615e-01	1.86201953e-05	1.53724800e-05	-2.77224397e-05	-1.80138318e-05
176             	3.47145108e-01	3.40040808e-05	-4.52775028e-05	4.84246302e-08	-5.08715178e-06	1.62641903e-06	1.73572602e-01	1.73572505e-01	1.86284594e-05	1.53756214e-05	-2.77259032e-05	-1.75515996e-05
177             	3.47053142e-01	3.40602446e-05	-4.48420066e-05	4.84635782e-08	-5.31596795e-06	1.64379432e-06	1.73526619e-01	1.73526523e-01	1.86739166e-05	1.53863280e-05	-2.77369712e-05	-1.71050353e-05
178             	3.46961445e-01	3.41642090e-05	-4.45115641e-05	4.85007735e-08	-5.52281367e-06	1.67926383e-06	1.73480771e-01	1.73480674e-01	1.87613683e-05	1.54028407e-05	-2.77785957e-05	-1.67329684e-05
179             	3.46870006e-01	3.43218386e-05	-4.42556157e-05	4.85384058e-08	-5.70794548e-06	1.72782353e-06	1.73435052e-01	1.73434954e-01	1.88887428e-05	1.54330957e-05	-2.78357533e-05	-1.64198624e-05
180             	3.46778823e-01	3.44835500e-05	-4.40449853e-05	4.85733874e-08	-5.87027118e-06	1.77315845e-06	1.73389460e-01	1.73389363e-01	1.90149334e-05	1.54686165e-05	-2.78927638e-05	-1.61522215e-05
181             	3.46687905e-01	3.45849909e-05	-4.38164081e-05	4.86091241e-08	-6.02491538e-06	1.80254103e-06	1.73344001e-01	1.73343904e-01	1.90950365e-05	1.54899544e-05	-2.79331194e-05	-1.58832887e-05
182             	3.46597269e-01	3.46833759e-05	-4.35876125e-05	4.86417710e-08	-6.18025483e-06	1.82729350e-06	1.73298683e-01	1.73298586e-01	1.91689815e-05	1.55143945e-05	-2.79740611e-05	-1.56135514e-05
183             	3.46506937e-01	3.48048286e-05	-4.33465853e-05	4.86725978e-08	-6.34494013e-06	1.85628670e-06	1.73253517e-01	1.73253420e-01	1.92587010e-05	1.55461276e-05	-2.80182328e-05	-1.53283525e-05
184             	3.46416917e-01	3.49532878e-05	-4.31445449e-05	4.86975479e-08	-6.50840254e-06	1.88995991e-06	1.73208507e-01	1.73208410e-01	1.93666038e-05	1.55866840e-05	-2.80806750e-05	-1.50638699e-05
185             	3.46327202e-01	3.51032795e-05	-4.30218689e-05	4.87194786e-08	-6.65013688e-06	1.92184823e-06	1.73163650e-01	1.73163552e-01	1.94734880e-05	1.56297915e-05	-2.81610713e-05	-1.48607976e-05
186             	3.46237796e-01	3.52291943e-05	-4.29247668e-05	4.87376807e-08	-6.78009109e-06	1.95048486e-06	1.73118947e-01	1.73118849e-01	1.95650820e-05	1.56641123e-05	-2.82424745e-05	-1.46822923e-05
187             	3.46148715e-01	3.53230227e-05	-4.28179574e-05	4.87565003e-08	-6.90959095e-06	1.97376253e-06	1.73074406e-01	1.73074309e-01	1.96352739e-05	1.56877488e-05	-2.83185696e-05	-1.44993877e-05
188             	3.46059972e-01	3.54135473e-05	-4.26929135e-05	4.87763020e-08	-7.04145441e-06	1.98993815e-06	1.73030035e-01	1.73029937e-01	1.96967118e-05	1.57168355e-05	-2.83879112e-05	-1.43050024e-05
189             	3.45971582e-01	3.55225070e-05	-4.25388129e-05	4.87909849e-08	-7.17985024e-06	2.00298619e-06	1.72985840e-01	1.72985742e-01	1.97642397e-05	1.57582673e-05	-2.84492567e-05	-1.40895562e-05
190             	3.45883564e-01	3.56478038e-05	-4.24026144e-05	4.88050704e-08	-7.32087310e-06	2.01708934e-06	1.72941831e-01	1.72941733e-01	1.98409913e-05	1.58068126e-05	-2.85221803e-05	-1.38804341e-05
191             	3.45795928e-01	3.57626616e-05	-4.22666966e-05	4.88171738e-08	-7.47380096e-06	2.03395445e-06	1.72898013e-01	1.72897915e-01	1.99152853e-05	1.58473764e-05	-2.86071493e-05	-1.36595473e-05
192             	3.45708696e-01	3.58549365e-05	-4.21591525e-05	4.88298034e-08	-7.63026696e-06	2.05175135e-06	1.72854397e-01	1.72854299e-01	1.99792196e-05	1.58757169e-05	-2.87098432e-05	-1.34493093e-05
193             	3.45621892e-01	3.59443522e-05	-4.21276939e-05	4.88453873e-08	-7.75557500e-06	2.07437382e-06	1.72810995e-01	1.72810897e-01	2.00465499e-05	1.58978023e-05	-2.88194219e-05	-1.33082719e-05
194             	3.45535515e-01	3.60466570e-05	-4.21567044e-05	4.88585822e-08	-7.84726423e-06	2.09830725e-06	1.72767806e-01	1.72767708e-01	2.01216357e-05	1.59250212e-05	-2.89256164e-05	-1.32310880e-05
195             	3.45449545e-01	3.61682740e-05	-4.22024683e-05	4.88692936e-08	-7.93309607e-06	2.11936466e-06	1.72724822e-01	1.72724724e-01	2.02035016e-05	1.59647723e-05	-2.90343302e-05	-1.31681381e-05
196             	3.45363987e-01	3.62521154e-05	-4.22113060e-05	4.88821637e-08	-8.04277056e-06	2.13533103e-06	1.72682042e-01	1.72681945e-01	2.02613887e-05	1.59907267e-05	-2.91484236e-05	-1.30628825e-05
197             	3.45278869e-01	3.63043009e-05	-4.21763604e-05	4.88979641e-08	-8.18028510e-06	2.15026767e-06	1.72639483e-01	1.72639386e-01	2.03024181e-05	1.60018828e-05	-2.92684653e-05	-1.29078951e-05
198             	3.45194236e-01	3.63604355e-05	-4.21346025e-05	4.89144161e-08	-8.32453705e-06	2.16416136e-06	1.72597167e-01	1.72597069e-01	2.03443791e-05	1.60160564e-05	-2.93918383e-05	-1.27427642e-05
199             	3.45110107e-01	3.64465048e-05	-4.21073906e-05	4.89289739e-08	-8.45529864e-06	2.18830242e-06	1.72555103e-01	1.72555005e-01	2.04115548e-05	1.60349500e-05	-2.95089940e-05	-1.25983967e-05
200             	3.45026461e-01	3.64807347e-05	-4.20368518e-05	4.89421880e-08	-8.61183807e-06	2.18966843e-06	1.72513279e-01	1.72513181e-01	2.04300358e-05	1.60506989e-05	-2.96302640e-05	-1.24065878e-05
201             	3.44943325e-01	3.64701915e-05	-4.18684254e-05	4.89574673e-08	-8.81810775e-06	2.18098311e-06	1.72471711e-01	1.72471613e-01	2.04160788e-05	1.60541126e-05	-2.97523205e-05	-1.21161049e-05
202             	3.44860738e-01	3.64474386e-05	-4.16615054e-05	4.89712471e-08	-9.03908854e-06	2.17566248e-06	1.72430418e-01	1.72430320e-01	2.03993818e-05	1.60480568e-05	-2.98698412e-05	-1.17916641e-05
203             	3.44778717e-01	3.64319505e-05	-4.14814902e-05	4.89829583e-08	-9.23500583e-06	2.18115689e-06	1.72389407e-01	1.72389310e-01	2.03971321e-05	1.60348183e-05	-2.99757509e-05	-1.15057393e-05
204             	3.44697274e-01	3.64452695e-05	-4.13676364e-05	4.89967639e-08	-9.39228508e-06	2.19619588e-06	1.72348686e-01	1.72348588e-01	2.04188306e-05	1.60264389e-05	-3.00761033e-05	-1.12915331e-05
205             	3.44616397e-01	3.65072174e-05	-4.13080541e-05	4.90094759e-08	-9.53150919e-06	2.23243648e-06	1.72308247e-01	1.72308149e-01	2.04860452e-05	1.60211722e-05	-3.01855363e-05	-1.11225179e-05
206             	3.44536103e-01	3.65977265e-05	-4.12422407e-05	4.90236335e-08	-9.67650549e-06	2.28409823e-06	1.72268101e-01	1.72268003e-01	2.05829615e-05	1.60147650e-05	-3.02976258e-05	-1.09446149e-05
207             	3.44456418e-01	3.67031911e-05	-4.11013495e-05	4.90393108e-08	-9.85350955e-06	2.34636412e-06	1.72228258e-01	1.72228160e-01	2.06979597e-05	1.60052314e-05	-3.04041843e-05	-1.06971652e-05
208             	3.44377364e-01	3.68218308e-05	-4.08622673e-05	4.90554482e-08	-1.00661704e-05	2.41726804e-06	1.72188731e-01	1.72188633e-01	2.08281834e-05	1.59936474e-05	-3.04973041e-05	-1.03649632e-05
209             	3.44298973e-01	3.69194425e-05	-4.05367509e-05	4.90721350e-08	-1.03018174e-05	2.48203134e-06	1.72149536e-01	1.72149437e-01	2.09417526e-05	1.59776899e-05	-3.05701928e-05	-9.96655807e-06
210             	3.44221265e-01	3.69526568e-05	-4.02039255e-05	4.90886121e-08	-1.05269920e-05	2.52630938e-06	1.72110682e-01	1.72110583e-01	2.10026378e-05	1.59500190e-05	-3.06289547e-05	-9.57497075e-06
211             	3.44144251e-01	3.69247544e-05	-3.99244383e-05	4.91091435e-08	-1.07291010e-05	2.55316046e-06	1.72072175e-01	1.72072076e-01	2.10155377e-05	1.59092168e-05	-3.06913201e-05	-9.23311820e-06
212             	3.44067937e-01	3.69132015e-05	-3.96902175e-05	4.91289796e-08	-1.09127118e-05	2.58595905e-06	1.72034018e-01	1.72033919e-01	2.10425598e-05	1.58706417e-05	-3.07578205e-05	-8.93239699e-06
213             	3.43992337e-01	3.69574212e-05	-3.94575456e-05	4.91484974e-08	-1.10887742e-05	2.64162824e-06	1.71996217e-01	1.71996119e-01	2.11203388e-05	1.58370823e-05	-3.08175470e-05	-8.63999860e-06
214             	3.43917468e-01	3.70624138e-05	-3.91684636e-05	4.91650683e-08	-1.12775533e-05	2.71769697e-06	1.71958783e-01	1.71958685e-01	2.12489039e-05	1.58135099e-05	-3.08617851e-05	-8.30667852e-06
215             	3.43843363e-01	3.72021059e-05	-3.87927557e-05	4.91834451e-08	-1.14881212e-05	2.80595144e-06	1.71921731e-01	1.71921633e-01	2.14070044e-05	1.57951015e-05	-3.08844990e-05	-7.90825666e-06
216             	3.43770043e-01	3.73573869e-05	-3.83504001e-05	4.92014883e-08	-1.17159953e-05	2.90185540e-06	1.71885071e-01	1.71884972e-01	2.15805488e-05	1.57768381e-05	-3.08911954e-05	-7.45920473e-06
217             	3.43697529e-01	3.74692143e-05	-3.78615603e-05	4.92187273e-08	-1.19481120e-05	2.98072428e-06	1.71848814e-01	1.71848715e-01	2.17153314e-05	1.57538829e-05	-3.08788921e-05	-6.98266815e-06
218             	3.43625853e-01	3.75677131e-05	-3.74598673e-05	4.92331359e-08	-1.21319643e-05	3.05504780e-06	1.71812976e-01	1.71812877e-01	2.18389044e-05	1.57288088e-05	-3.08618979e-05	-6.59796937e-06
219             	3.43555021e-01	3.76733003e-05	-3.71474240e-05	4.92480045e-08	-1.22750954e-05	3.13508952e-06	1.71777560e-01	1.71777461e-01	2.19717396e-05	1.57015606e-05	-3.08488074e-05	-6.29861663e-06
220             	3.43485027e-01	3.78113506e-05	-3.68783800e-05	4.92629043e-08	-1.23949426e-05	3.23219373e-06	1.71742563e-01	1.71742464e-01	2.21378690e-05	1.56734815e-05	-3.08341326e-05	-6.04424746e-06
221             	3.43415893e-01	3.79823290e-05	-3.65937249e-05	4.92775256e-08	-1.25126999e-05	3.34297635e-06	1.71707996e-01	1.71707897e-01	2.23341408e-05	1.56481881e-05	-3.08095624e-05	-5.78416257e-06
222             	3.43347653e-01	3.81697404e-05	-3.62426770e-05	4.92915268e-08	-1.26521743e-05	3.46055337e-06	1.71673876e-01	1.71673777e-01	2.25454236e-05	1.56243168e-05	-3.07735128e-05	-5.46916426e-06
223             	3.43280340e-01	3.83632679e-05	-3.58225811e-05	4.93034118e-08	-1.28187021e-05	3.57662768e-06	1.71640219e-01	1.71640120e-01	2.27582616e-05	1.56050063e-05	-3.07299927e-05	-5.09258848e-06
224             	3.43213972e-01	3.85682709e-05	-3.53833271e-05	4.93147553e-08	-1.29893608e-05	3.69146582e-06	1.71607035e-01	1.71606936e-01	2.29756013e-05	1.55926696e-05	-3.06810243e-05	-4.70230275e-06
225             	3.43148571e-01	3.87721274e-05	-3.50023082e-05	4.93245892e-08	-1.31299437e-05	3.80278964e-06	1.71574335e-01	1.71574236e-01	2.31888533e-05	1.55832741e-05	-3.06310978e-05	-4.37121041e-06
226             	3.43084173e-01	3.89614260e-05	-3.47006957e-05	4.93344980e-08	-1.32360903e-05	3.90886777e-06	1.71542136e-01	1.71542037e-01	2.33895808e-05	1.55718452e-05	-3.05864381e-05	-4.11425756e-06
227             	3.43020821e-01	3.91547878e-05	-3.44252799e-05	4.93407311e-08	-1.33295636e-05	4.02135904e-06	1.71510460e-01	1.71510361e-01	2.35987529e-05	1.55560349e-05	-3.05422035e-05	-3.88307637e-06
228             	3.42958531e-01	3.93806353e-05	-3.41307099e-05	4.93482117e-08	-1.34301656e-05	4.14515032e-06	1.71479315e-01	1.71479216e-01	2.38354680e-05	1.55451673e-05	-3.04955206e-05	-3.63518932e-06
229             	3.42897318e-01	3.96113879e-05	-3.37819897e-05	4.93523300e-08	-1.35476751e-05	4.27479627e-06	1.71448709e-01	1.71448610e-01	2.40804902e-05	1.55308977e-05	-3.04386699e-05	-3.34331977e-06
230             	3.42837212e-01	3.98634102e-05	-3.33974972e-05	4.93565912e-08	-1.36726959e-05	4.41153034e-06	1.71418655e-01	1.71418556e-01	2.43432354e-05	1.55201748e-05	-3.03714445e-05	-3.02605266e-06
231             	3.42778238e-01	4.01430012e-05	-3.30423127e-05	4.93595398e-08	-1.37818070e-05	4.55658018e-06	1.71389168e-01	1.71389069e-01	2.46280808e-05	1.55149204e-05	-3.03029634e-05	-2.73934935e-06
232             	3.42720425e-01	4.04181294e-05	-3.27148671e-05	4.93648582e-08	-1.38727393e-05	4.69503275e-06	1.71360262e-01	1.71360163e-01	2.49040974e-05	1.55140320e-05	-3.02301728e-05	-2.48469422e-06
233             	3.42663796e-01	4.06627337e-05	-3.24011048e-05	4.93695389e-08	-1.39547170e-05	4.82182836e-06	1.71331948e-01	1.71331849e-01	2.51531952e-05	1.55095385e-05	-3.01552694e-05	-2.24583540e-06
234             	3.42608351e-01	4.09038757e-05	-3.20703286e-05	4.93762265e-08	-1.40422500e-05	4.95075707e-06	1.71304225e-01	1.71304126e-01	2.54026949e-05	1.55011808e-05	-3.00774143e-05	-1.99291428e-06
235             	3.42554124e-01	4.11592961e-05	-3.17456101e-05	4.93837583e-08	-1.41279852e-05	5.08901845e-06	1.71277111e-01	1.71277012e-01	2.56686665e-05	1.54906296e-05	-3.00007902e-05	-1.74481990e-06
236             	3.42501143e-01	4.14292195e-05	-3.14313118e-05	4.93904536e-08	-1.42085872e-05	5.23304564e-06	1.71250621e-01	1.71250522e-01	2.59476554e-05	1.54815641e-05	-2.99242431e-05	-1.50706869e-06
237             	3.42449441e-01	4.16974618e-05	-3.10957527e-05	4.93982348e-08	-1.42917567e-05	5.37516398e-06	1.71224770e-01	1.71224671e-01	2.62238949e-05	1.54735669e-05	-2.98396331e-05	-1.25611962e-06
238             	3.42399046e-01	4.19649050e-05	-3.07433491e-05	4.94071896e-08	-1.43786090e-05	5.51231991e-06	1.71199572e-01	1.71199473e-01	2.64947724e-05	1.54701326e-05	-2.97502836e-05	-9.93065550e-07
239             	3.42349967e-01	4.22294476e-05	-3.03725212e-05	4.94133139e-08	-1.44720355e-05	5.64688058e-06	1.71175033e-01	1.71174934e-01	2.67616044e-05	1.54678432e-05	-2.96582961e-05	-7.14225086e-07
240             	3.42302208e-01	4.24832700e-05	-2.99567452e-05	4.94220897e-08	-1.45840474e-05	5.77739275e-06	1.71151154e-01	1.71151055e-01	2.70190277e-05	1.54642422e-05	-2.95624200e-05	-3.94325212e-07
241             	3.42255779e-01	4.27269953e-05	-2.94661137e-05	4.94311393e-08	-1.47281993e-05	5.90566082e-06	1.71127939e-01	1.71127840e-01	2.72691585e-05	1.54578368e-05	-2.94612561e-05	-4.85756538e-09
242             	3.42210671e-01	4.29763053e-05	-2.89752280e-05	4.94403690e-08	-1.48708023e-05	6.03687654e-06	1.71105385e-01	1.71105286e-01	2.75250292e-05	1.54512761e-05	-2.93584162e-05	3.83188276e-07
243             	3.42166889e-01	4.32165217e-05	-2.85437795e-05	4.94512320e-08	-1.49767630e-05	6.16705943e-06	1.71083494e-01	1.71083395e-01	2.77753203e-05	1.54412014e-05	-2.92486528e-05	7.04873265e-07
244             	3.42124439e-01	4.34330594e-05	-2.81207225e-05	4.94658890e-08	-1.50689867e-05	6.28758395e-06	1.71062269e-01	1.71062170e-01	2.80041136e-05	1.54289457e-05	-2.91293479e-05	1.00862547e-06
245             	3.42083367e-01	4.36163530e-05	-2.76445208e-05	4.94829283e-08	-1.51830503e-05	6.39066169e-06	1.71041733e-01	1.71041634e-01	2.81988382e-05	1.54175148e-05	-2.90053108e-05	1.36078995e-06
246             	3.42043685e-01	4.37618286e-05	-2.70871971e-05	4.95002724e-08	-1.53393443e-05	6.47699011e-06	1.71021892e-01	1.71021793e-01	2.83579044e-05	1.54039242e-05	-2.88829428e-05	1.79574578e-06
247             	3.42005352e-01	4.38784761e-05	-2.64522745e-05	4.95163180e-08	-1.55315235e-05	6.55191932e-06	1.71002726e-01	1.71002626e-01	2.84911574e-05	1.53873187e-05	-2.87576608e-05	2.30538624e-06
248             	3.41968315e-01	4.39869029e-05	-2.57845721e-05	4.95319456e-08	-1.57351270e-05	6.62134078e-06	1.70984207e-01	1.70984108e-01	2.86147922e-05	1.53721107e-05	-2.86274131e-05	2.84284097e-06
249             	3.41932550e-01	4.40813225e-05	-2.51192780e-05	4.95505321e-08	-1.59332354e-05	6.68554228e-06	1.70966324e-01	1.70966225e-01	2.87262035e-05	1.53551189e-05	-2.84928744e-05	3.37359634e-06
250             	3.41898060e-01	4.41543944e-05	-2.44572428e-05	4.95719070e-08	-1.61268655e-05	6.74154450e-06	1.70949080e-01	1.70948981e-01	2.88187417e-05	1.53356527e-05	-2.83554869e-05	3.89824412e-06
251             	3.41864864e-01	4.41930334e-05	-2.37793890e-05	4.95883213e-08	-1.63260191e-05	6.78290207e-06	1.70932482e-01	1.70932383e-01	2.88794188e-05	1.53136146e-05	-2.82157136e-05	4.43632457e-06
252             	3.41832965e-01	4.41725979e-05	-2.30732893e-05	4.96057638e-08	-1.65408245e-05	6.80061741e-06	1.70916532e-01	1.70916433e-01	2.88869163e-05	1.52856815e-05	-2.80774691e-05	5.00417984e-06
253             	3.41802344e-01	4.41029474e-05	-2.22922749e-05	4.96242148e-08	-1.67877275e-05	6.79790660e-06	1.70901221e-01	1.70901122e-01	2.88493803e-05	1.52535671e-05	-2.79338649e-05	5.64159008e-06
254             	3.41772952e-01	4.40132192e-05	-2.14357724e-05	4.96422589e-08	-1.70646346e-05	6.78644349e-06	1.70886526e-01	1.70886427e-01	2.87930531e-05	1.52201661e-05	-2.77825208e-05	6.34674841e-06
255             	3.41744736e-01	4.39037108e-05	-2.05549391e-05	4.96602959e-08	-1.73507289e-05	6.76556030e-06	1.70872417e-01	1.70872318e-01	2.87174157e-05	1.51862951e-05	-2.76281985e-05	7.07325939e-06
256             	3.41717649e-01	4.37582476e-05	-1.96997828e-05	4.96807500e-08	-1.76260127e-05	6.72981264e-06	1.70858874e-01	1.70858775e-01	2.86089364e-05	1.51493112e-05	-2.74759041e-05	7.77612129e-06
257             	3.41691663e-01	4.35698375e-05	-1.88829064e-05	4.97002809e-08	-1.78882222e-05	6.67723693e-06	1.70845881e-01	1.70845782e-01	2.84621557e-05	1.51076818e-05	-2.73296754e-05	8.44676901e-06
258             	3.41666763e-01	4.33479675e-05	-1.80770711e-05	4.97215706e-08	-1.81488187e-05	6.60888887e-06	1.70833431e-01	1.70833332e-01	2.82828726e-05	1.50650949e-05	-2.71873543e-05	9.11028315e-06
259             	3.41642930e-01	4.30922519e-05	-1.71935805e-05	4.97433576e-08	-1.84459179e-05	6.52306564e-06	1.70821515e-01	1.70821415e-01	2.80691916e-05	1.50230603e-05	-2.70427082e-05	9.84912766e-06
260             	3.41620130e-01	4.27769308e-05	-1.62230007e-05	4.97691719e-08	-1.87809085e-05	6.41014343e-06	1.70810115e-01	1.70810015e-01	2.77986088e-05	1.49783220e-05	-2.68924089e-05	1.06694081e-05
261             	3.41598322e-01	4.23876908e-05	-1.52303865e-05	4.97966622e-08	-1.91289240e-05	6.26626532e-06	1.70799211e-01	1.70799111e-01	2.74601107e-05	1.49275801e-05	-2.67441173e-05	1.15137307e-05
262             	3.41577479e-01	4.19289085e-05	-1.43059690e-05	4.98239190e-08	-1.94544693e-05	6.09747109e-06	1.70788789e-01	1.70788690e-01	2.70619254e-05	1.48669832e-05	-2.66074538e-05	1.23014848e-05
263             	3.41557535e-01	4.14257973e-05	-1.34270816e-05	4.98521906e-08	-1.97643500e-05	5.91085352e-06	1.70778817e-01	1.70778718e-01	2.66237522e-05	1.48020451e-05	-2.64778908e-05	1.30508092e-05
264             	3.41538398e-01	4.08911574e-05	-1.25517608e-05	4.98810475e-08	-2.00716553e-05	5.70709983e-06	1.70769249e-01	1.70769149e-01	2.61526785e-05	1.47384789e-05	-2.63475357e-05	1.37957749e-05
265             	3.41519992e-01	4.03071296e-05	-1.16325817e-05	4.99095604e-08	-2.03961393e-05	5.48127948e-06	1.70760046e-01	1.70759946e-01	2.56348443e-05	1.46722853e-05	-2.62124301e-05	1.45798484e-05
266             	3.41502291e-01	3.96609955e-05	-1.06518363e-05	4.99381342e-08	-2.07500757e-05	5.22978016e-06	1.70751195e-01	1.70751095e-01	2.50602779e-05	1.46007176e-05	-2.60759939e-05	1.54241576e-05
267             	3.41485279e-01	3.89781236e-05	-9.61527050e-06	4.99675865e-08	-2.11316181e-05	4.96013933e-06	1.70742690e-01	1.70742590e-01	2.44492011e-05	1.45289225e-05	-2.59392534e-05	1.63239829e-05
268             	3.41468928e-01	3.82502454e-05	-8.55548134e-06	4.99978508e-08	-2.15269476e-05	4.67015275e-06	1.70734514e-01	1.70734414e-01	2.37952754e-05	1.44549699e-05	-2.58046883e-05	1.72492070e-05
269             	3.41453199e-01	3.74533694e-05	-7.51904164e-06	5.00276205e-08	-2.19182552e-05	4.35205168e-06	1.70726650e-01	1.70726550e-01	2.30787364e-05	1.43746330e-05	-2.56777760e-05	1.81587344e-05
270             	3.41438032e-01	3.65967282e-05	-6.52412679e-06	5.00577176e-08	-2.22983172e-05	4.00892789e-06	1.70719066e-01	1.70718966e-01	2.23072920e-05	1.42894362e-05	-2.55603806e-05	1.90362539e-05
271             	3.41423362e-01	3.56810429e-05	-5.56806536e-06	5.00883850e-08	-2.26682164e-05	3.63796551e-06	1.70711731e-01	1.70711631e-01	2.14784870e-05	1.42025559e-05	-2.54522491e-05	1.98841838e-05
272             	3.41409135e-01	3.47072368e-05	-4.59680102e-06	5.01194307e-08	-2.30473205e-05	3.24080512e-06	1.70704618e-01	1.70704517e-01	2.05944235e-05	1.41128133e-05	-2.53457210e-05	2.07489200e-05
273             	3.41395302e-01	3.36925246e-05	-3.56329542e-06	5.01509492e-08	-2.34529639e-05	2.82514331e-06	1.70697701e-01	1.70697601e-01	1.96714056e-05	1.40211190e-05	-2.52346116e-05	2.16713162e-05
274             	3.41381825e-01	3.26153846e-05	-2.48158133e-06	5.01830408e-08	-2.38813929e-05	2.38443446e-06	1.70690963e-01	1.70690862e-01	1.86921267e-05	1.39232578e-05	-2.51221836e-05	2.26406022e-05
275             	3.41368672e-01	3.14725828e-05	-1.37968833e-06	5.02150935e-08	-2.43202799e-05	1.91678370e-06	1.70684386e-01	1.70684286e-01	1.76530751e-05	1.38195077e-05	-2.50101240e-05	2.36304357e-05
276             	3.41355806e-01	3.02828338e-05	-2.81160364e-07	5.02479079e-08	-2.47618445e-05	1.42985046e-06	1.70677953e-01	1.70677853e-01	1.65712674e-05	1.37115665e-05	-2.49024247e-05	2.46212643e-05
277             	3.41343187e-01	2.90741292e-05	8.17398500e-07	5.02825967e-08	-2.52096728e-05	9.34562831e-07	1.70671644e-01	1.70671543e-01	1.54716274e-05	1.36025018e-05	-2.48009735e-05	2.56183720e-05
278             	3.41330761e-01	2.78471522e-05	1.90605356e-06	5.03177402e-08	-2.56573275e-05	4.31553783e-07	1.70665431e-01	1.70665330e-01	1.43551299e-05	1.34920223e-05	-2.47043007e-05	2.66103543e-05
279             	3.41318486e-01	2.65711248e-05	2.97999881e-06	5.03511965e-08	-2.61016317e-05	-9.19662776e-08	1.70659294e-01	1.70659193e-01	1.31935961e-05	1.33775287e-05	-2.46116323e-05	2.75916311e-05
280             	3.41306340e-01	2.52053795e-05	4.05623566e-06	5.03847763e-08	-2.65483809e-05	-6.53473136e-07	1.70653220e-01	1.70653119e-01	1.19492166e-05	1.32561629e-05	-2.45202631e-05	2.85764988e-05
281             	3.41294296e-01	2.37967271e-05	5.14316030e-06	5.04202779e-08	-2.70021922e-05	-1.23306887e-06	1.70647198e-01	1.70647098e-01	1.06652947e-05	1.31314324e-05	-2.44306121e-05	2.95737724e-05
282             	3.41282323e-01	2.23846027e-05	6.23036747e-06	5.04562473e-08	-2.74609701e-05	-1.81420313e-06	1.70641212e-01	1.70641111e-01	9.37809825e-06	1.30065045e-05	-2.43457863e-05	3.05761538e-05
283             	3.41270389e-01	2.09804311e-05	7.31588430e-06	5.04931502e-08	-2.79205944e-05	-2.38992588e-06	1.70635245e-01	1.70635144e-01	8.10028969e-06	1.28801415e-05	-2.42626522e-05	3.15785366e-05
284             	3.41258462e-01	1.95879183e-05	8.38824154e-06	5.05286212e-08	-2.83749591e-05	-2.95863611e-06	1.70629282e-01	1.70629181e-01	6.83532306e-06	1.27525953e-05	-2.41808383e-05	3.25690799e-05
285             	3.41246531e-01	1.81966952e-05	9.43399328e-06	5.05617546e-08	-2.88184406e-05	-3.52682259e-06	1.70623316e-01	1.70623215e-01	5.57152498e-06	1.26251702e-05	-2.41014440e-05	3.35354372e-05
286             	3.41234584e-01	1.67739928e-05	1.04782687e-05	5.05947249e-08	-2.92620619e-05	-4.11012227e-06	1.70617342e-01	1.70617241e-01	4.27687414e-06	1.24971187e-05	-2.40229275e-05	3.45011962e-05
287             	3.41222602e-01	1.53091200e-05	1.15468144e-05	5.06279928e-08	-2.97186285e-05	-4.71248856e-06	1.70611352e-01	1.70611250e-01	2.94207143e-06	1.23670485e-05	-2.39452213e-05	3.54920357e-05
288             	3.41210564e-01	1.38180701e-05	1.26435064e-05	5.06612853e-08	-3.01909048e-05	-5.32532985e-06	1.70605333e-01	1.70605232e-01	1.58370518e-06	1.22343649e-05	-2.38691516e-05	3.65126580e-05
289             	3.41198452e-01	1.23161821e-05	1.37457594e-05	5.06935091e-08	-3.06682959e-05	-5.94364455e-06	1.70599277e-01	1.70599176e-01	2.14446486e-07	1.21017356e-05	-2.37954163e-05	3.75411756e-05
290             	3.41186254e-01	1.08218775e-05	1.48354302e-05	5.07261305e-08	-3.11436509e-05	-6.55980103e-06	1.70593178e-01	1.70593076e-01	-1.14886231e-06	1.19707398e-05	-2.37259357e-05	3.85613660e-05
291             	3.41173957e-01	9.34869444e-06	1.58930451e-05	5.07592200e-08	-3.16059561e-05	-7.16641608e-06	1.70587029e-01	1.70586928e-01	-2.49206886e-06	1.18407633e-05	-2.36594335e-05	3.95524786e-05
292             	3.41161556e-01	7.91785966e-06	1.68976032e-05	5.07908281e-08	-3.20454004e-05	-7.75229370e-06	1.70580829e-01	1.70580727e-01	-3.79336387e-06	1.17112235e-05	-2.35965988e-05	4.04942020e-05
293             	3.41149050e-01	6.53185209e-06	1.78743357e-05	5.08200993e-08	-3.24732585e-05	-8.31616452e-06	1.70574576e-01	1.70574474e-01	-5.05023848e-06	1.15820906e-05	-2.35360907e-05	4.14104263e-05
294             	3.41136436e-01	5.18457071e-06	1.88569262e-05	5.08482884e-08	-3.29043286e-05	-8.86368267e-06	1.70568269e-01	1.70568167e-01	-6.27139731e-06	1.14559680e-05	-2.34758655e-05	4.23327917e-05
295             	3.41123711e-01	3.85432023e-06	1.98380708e-05	5.08756715e-08	-3.33357495e-05	-9.40579911e-06	1.70561906e-01	1.70561805e-01	-7.47863899e-06	1.13329592e-05	-2.34167141e-05	4.32547848e-05
296             	3.41110868e-01	2.56093450e-06	2.08108128e-05	5.09025306e-08	-3.37645927e-05	-9.93433182e-06	1.70555485e-01	1.70555383e-01	-8.65386457e-06	1.12147991e-05	-2.33591863e-05	4.41699991e-05
297             	3.41097903e-01	1.31561033e-06	2.17762733e-05	5.09286350e-08	-3.41895578e-05	-1.04428825e-05	1.70549002e-01	1.70548900e-01	-9.78507729e-06	1.11006876e-05	-2.33014212e-05	4.50776944e-05
298             	3.41084822e-01	1.25333281e-07	2.27116879e-05	5.09537231e-08	-3.46023759e-05	-1.09270052e-05	1.70542462e-01	1.70542360e-01	-1.08643386e-05	1.09896719e-05	-2.32465319e-05	4.59582198e-05
299             	3.41071639e-01	-1.02104087e-06	2.35961409e-05	5.09779038e-08	-3.49941759e-05	-1.13913218e-05	1.70535871e-01	1.70535769e-01	-1.19018423e-05	1.08808014e-05	-2.31961055e-05	4.67922464e-05
300             	3.41058373e-01	-2.12935442e-06	2.44267017e-05	5.10006161e-08	-3.53641101e-05	-1.18390548e-05	1.70529238e-01	1.70529136e-01	-1.29037320e-05	1.07743776e-05	-2.31507592e-05	4.75774609e-05
301             	3.41045042e-01	-3.17954483e-06	2.52180691e-05	5.10212543e-08	-3.57165498e-05	-1.22625920e-05	1.70522572e-01	1.70522470e-01	-1.38523644e-05	1.06728196e-05	-2.31075152e-05	4.83255844e-05
302             	3.41031661e-01	-4.14824547e-06	2.59674511e-05	5.10406034e-08	-3.60492008e-05	-1.26531132e-05	1.70515882e-01	1.70515780e-01	-1.47272360e-05	1.05789905e-05	-2.30654752e-05	4.90329263e-05
303             	3.41018245e-01	-5.03386206e-06	2.66755565e-05	5.10577610e-08	-3.63625744e-05	-1.30113204e-05	1.70509173e-01	1.70509071e-01	-1.55282514e-05	1.04943894e-05	-2.30247962e-05	4.97003527e-05
304             	3.41004805e-01	-5.85236673e-06	2.73442252e-05	5.10738774e-08	-3.66609256e-05	-1.33425581e-05	1.70502454e-01	1.70502352e-01	-1.62687414e-05	1.04163747e-05	-2.29888130e-05	5.03330382e-05
305             	3.40991360e-01	-6.61593097e-06	2.79688168e-05	5.10892578e-08	-3.69430496e-05	-1.36496727e-05	1.70495731e-01	1.70495629e-01	-1.69576382e-05	1.03417072e-05	-2.29586412e-05	5.09274580e-05
306             	3.40977930e-01	-7.32190215e-06	2.85421631e-05	5.11037568e-08	-3.72044779e-05	-1.39322417e-05	1.70489016e-01	1.70488914e-01	-1.75931928e-05	1.02712907e-05	-2.29333963e-05	5.14755594e-05
307             	3.40964541e-01	-7.96278564e-06	2.90785047e-05	5.11166368e-08	-3.74492249e-05	-1.41882218e-05	1.70482322e-01	1.70482219e-01	-1.81696146e-05	1.02068289e-05	-2.29099725e-05	5.19884772e-05
308             	3.40951214e-01	-8.53073098e-06	2.95883644e-05	5.11277768e-08	-3.76806071e-05	-1.44149713e-05	1.70475658e-01	1.70475556e-01	-1.86803368e-05	1.01496058e-05	-2.28864249e-05	5.24747893e-05
309             	3.40937973e-01	-9.02346729e-06	3.00606979e-05	5.11379471e-08	-3.78957941e-05	-1.46112318e-05	1.70469038e-01	1.70468935e-01	-1.91229655e-05	1.00994982e-05	-2.28654451e-05	5.29261430e-05
310             	3.40924838e-01	-9.44153096e-06	3.04913234e-05	5.11473166e-08	-3.80934357e-05	-1.47760033e-05	1.70462470e-01	1.70462368e-01	-1.94967688e-05	1.00552379e-05	-2.28477740e-05	5.33390975e-05
311             	3.40911830e-01	-9.78099122e-06	3.08733345e-05	5.11563811e-08	-3.82717549e-05	-1.49076106e-05	1.70455966e-01	1.70455864e-01	-1.97981062e-05	1.00171150e-05	-2.28350877e-05	5.37084222e-05
312             	3.40898972e-01	-1.00452579e-05	3.12082552e-05	5.11646219e-08	-3.84311309e-05	-1.50079839e-05	1.70449537e-01	1.70449435e-01	-2.00306128e-05	9.98535496e-06	-2.28270033e-05	5.40352585e-05
313             	3.40886292e-01	-1.02322998e-05	3.15057463e-05	5.11722661e-08	-3.85743975e-05	-1.50764816e-05	1.70443197e-01	1.70443095e-01	-2.01926316e-05	9.96033173e-06	-2.28215244e-05	5.43272707e-05
314             	3.40873814e-01	-1.03483589e-05	3.17674642e-05	5.11797804e-08	-3.87018490e-05	-1.51163055e-05	1.70436958e-01	1.70436856e-01	-2.02904850e-05	9.94212607e-06	-2.28181169e-05	5.45855811e-05
315             	3.40861559e-01	-1.04020535e-05	3.20044605e-05	5.11865195e-08	-3.88182729e-05	-1.51314733e-05	1.70430831e-01	1.70430728e-01	-2.03325000e-05	9.93044652e-06	-2.28160426e-05	5.48205032e-05
316             	3.40849549e-01	-1.03999605e-05	3.22284967e-05	5.11927592e-08	-3.89293643e-05	-1.51246635e-05	1.70424826e-01	1.70424723e-01	-2.03246437e-05	9.92468323e-06	-2.28151159e-05	5.50436126e-05
317             	3.40837805e-01	-1.03407962e-05	3.24283815e-05	5.11984327e-08	-3.90313237e-05	-1.50944003e-05	1.70418954e-01	1.70418851e-01	-2.02647984e-05	9.92400221e-06	-2.28171330e-05	5.52455145e-05
318             	3.40826344e-01	-1.02191859e-05	3.25979397e-05	5.12037987e-08	-3.91213804e-05	-1.50380095e-05	1.70413223e-01	1.70413121e-01	-2.01476025e-05	9.92841655e-06	-2.28224106e-05	5.54203503e-05
319             	3.40815185e-01	-1.00359966e-05	3.27440047e-05	5.12089641e-08	-3.92011660e-05	-1.49551449e-05	1.70407644e-01	1.70407541e-01	-1.99731432e-05	9.93714661e-06	-2.28291637e-05	5.55731683e-05
