Iteration	Y	var_1	var_2	var_3	var_4
1.0	32.200557	10.306433136341148	556.1438686324028	21.482811248538304	26.44670684255308
2.0	8.079037	533.0463802355964	316.48533065133336	46.20502526919525	46.75140295410488
3.0	8.2855597	125.65534113591048	339.43461309432126	23.68850029735341	26.18629070352437
4.0	9.0093697	296.3177572436847	517.1659215701164	18.292825652908125	46.38963526596073
5.0	17.631062	455.1632077125438	15.303320696157837	35.51924969201236	6.021110389817833
6.0	8.3547725	126.39549402347498	339.05897027306867	26.60282652012069	27.66953189301193
7.0	7.4142357	321.4362315107384	333.1520422621852	10.0	1.0
8.0	6.2448806	538.0212862163156	546.3569346224796	10.0	1.0
9.0	23.88434	27.508779762444743	98.44621530982822	10.0	1.0
10.0	9.2792823	443.5692086614977	453.2807940835143	50.0	50.0
11.0	6.5238364	573.0	422.37948413264553	10.0	1.0
12.0	9.9309201	573.0	573.0	50.0	50.0
13.0	6.4456504	406.7972414673122	573.0	10.0	1.0
14.0	7.6695082	573.0	201.6850743136076	10.0	1.0
15.0	8.5153682	219.1817235031699	290.4293624212907	10.0	50.0
16.0	7.3800236	229.9895683060908	399.4900954652813	10.0	1.0
17.0	7.0793604	488.4467692417471	326.77180506422866	10.0	1.0
18.0	7.5108556	573.0	301.38357221242813	50.0	1.0
19.0	6.7836096	382.2701813332999	466.8919367467834	10.0	1.0
20.0	9.6470237	467.3170554765725	573.0	10.0	50.0
21.0	6.7256725	473.2533394011619	573.0	50.0	1.0
22.0	6.0891054	573.0	573.0	10.0	1.0
23.0	7.0166194	349.3047636271236	540.3131344148217	50.0	1.0
24.0	6.7719966	573.0	508.7328247384334	50.0	1.0
25.0	7.6235783	573.0	269.4893055835219	10.0	50.0
26.0	7.931538	178.880571261945	305.2811900572198	10.0	1.0
27.0	6.1946609	524.864216218095	573.0	10.0	1.0
28.0	6.4210451	456.3132152501995	541.8631709788931	10.0	1.0
29.0	6.5225503	517.8957466017223	461.7315591289205	10.0	1.0
30.0	6.2834441	573.0	505.5910383251991	10.0	1.0
31.0	6.1222395	560.1506847435014	573.0	10.0	1.0
32.0	6.0891054	573.0	573.0	10.0	1.0
33.0	6.1388282	573.0	559.6844670574665	10.0	1.0
34.0	6.0891054	573.0	573.0	10.0	1.0
35.0	6.0891054	573.0	573.0	10.0	1.0
