Iteration	Y	var_1	var_2	var_3	var_4
1.0	3.4541678428649902	50.0	508.6432744498421	32.16910364499149	12.385329428923274
2.0	3.4993953704833984	50.0	218.8314208197308	24.085278161064565	5.09451024950384
3.0	3.8748722076416016	50.0	541.4871938258685	17.275696106403146	30.573872692269703
4.0	4.030850410461426	50.0	446.8491239725676	41.42407047457435	36.72064510709328
5.0	3.718345642089844	50.0	154.46642481263825	48.61932889647877	14.535702596365876
6.0	3.4595537185668945	50.0	507.61446272233326	33.75856911283093	12.224231332191524
7.0	3.2233057022094727	50.0	496.8535259632569	16.10821889166506	1.0
8.0	3.193278312683105	50.0	476.8870736078112	10.0	1.0
9.0	3.2997965812683105	50.0	295.27629278152006	10.0	1.0
10.0	4.292444229125977	50.0	289.38208135344416	30.133052936919107	50.0
11.0	3.2346510887146	50.0	336.84476006758507	10.0	1.0
12.0	4.059108257293701	50.0	50.0	10.0	50.0
13.0	3.195988655090332	50.0	381.37380105371295	10.0	1.0
14.0	3.7052812576293945	50.0	134.7053270620102	10.0	1.0
15.0	3.432978630065918	50.0	304.2302674993278	50.0	1.0
16.0	3.1854844093322754	50.0	427.1638954308541	10.0	1.0
17.0	4.542768955230713	50.0	50.0	50.0	1.0
18.0	3.242708683013916	50.0	600.0	50.0	1.0
19.0	3.1897921562194824	50.0	600.0	10.0	1.0
20.0	3.285612106323242	50.0	560.6245943482463	27.58244864385033	1.0
21.0	3.2567391395568848	50.0	600.0	26.100434213688448	1.0
22.0	3.1875815391540527	50.0	527.0728164933344	10.0	1.0
23.0	3.189786911010742	50.0	405.5182329208382	10.0	1.0
24.0	3.189246654510498	50.0	451.54946047484486	10.0	1.0
25.0	3.186394214630127	50.0	509.5196760040709	10.0	1.0
26.0	3.1869940757751465	50.0	518.3854478684564	10.0	1.0
27.0	3.1882200241088867	50.0	577.9117662332411	10.0	1.0
28.0	3.186739444732666	50.0	437.8613301428727	10.0	1.0
29.0	3.187445163726806	50.0	555.7888224903433	10.0	1.0
30.0	3.187488079071045	50.0	542.9337811385514	10.0	1.0
31.0	3.1868929862976074	50.0	418.5784103240664	10.0	1.0
32.0	3.187216758728028	50.0	497.3533849933472	10.0	1.0
33.0	3.1886115074157715	50.0	589.7362001590183	10.0	1.0
34.0	3.1856985092163086	50.0	429.3689503658735	10.0	1.0
35.0	3.185469627380371	50.0	427.0142617557959	10.0	1.0
36.0	3.185513019561768	50.0	427.4581388570592	10.0	1.0
37.0	3.1860556602478027	50.0	504.52511548004486	10.0	1.0
38.0	3.1855764389038086	50.0	428.110273748097	10.0	1.0
39.0	3.18549919128418	50.0	427.3190077990942	10.0	1.0
40.0	3.185480117797852	50.0	427.1248112561176	10.0	1.0
41.0	3.186079978942871	50.0	504.8821712376684	10.0	1.0
42.0	3.185545921325684	50.0	427.7970015856947	10.0	1.0
43.0	3.186109066009521	50.0	505.3170706336679	10.0	1.0
44.0	3.185465335845948	50.0	426.9705650036584	10.0	1.0
45.0	3.1877923011779785	50.0	565.9489085015509	10.0	1.0
46.0	3.185525417327881	50.0	427.5855317745325	10.0	1.0
47.0	3.18609619140625	50.0	505.1246585684944	10.0	1.0
48.0	3.185502052307129	50.0	427.3440212579141	10.0	1.0
49.0	3.1855111122131348	50.0	427.4420845870652	10.0	1.0
50.0	3.1855697631835938	50.0	428.04225572174	10.0	1.0
51.0	6.648015022277832	50.0	505.45087878095495	10.0	1.0
52.0	7.273629665374756	50.0	436.6107688366038	47.13557051643501	20.63565343402709
53.0	6.847334384918213	50.0	508.9420999747354	33.65047916508853	13.217709302982358
54.0	6.906970500946045	50.0	430.1447584974909	10.158432373203564	1.9431364835145069
55.0	7.374826431274414	50.0	347.3960942909524	20.04116227612096	26.05926342563492
56.0	6.988830089569092	50.0	407.80044868915365	10.280438378938438	1.7952060503196985
57.0	8.152586936950684	50.0	218.248231722269	25.86463220441697	6.509396503943376
58.0	6.670234203338623	50.0	498.0844438560262	16.604620086326833	2.130825735667675
59.0	6.832638740539551	50.0	509.1184336447766	31.013305217625188	13.872349836116278
60.0	8.065540313720703	50.0	220.9605447100496	21.28466358130805	6.910512899535481
61.0	9.156780242919922	50.0	156.53293232344691	49.66276376843996	14.411391600799895
62.0	8.103233337402344	50.0	221.01880131869265	22.84446937955544	2.6860734162063764
63.0	6.823144435882568	50.0	507.69061407485447	33.24533211767154	12.075867687054313
64.0	6.4804277420043945	50.0	591.3061583628008	10.511729311825537	4.511766825654426
65.0	6.807370185852051	50.0	508.94020214562426	31.845990547968857	12.108242645735396
66.0	7.74889612197876	50.0	449.99194146438265	40.32792937272501	36.39199628596658
67.0	6.52369499206543	50.0	560.9056790471177	24.64123028316143	2.106355980165674
68.0	6.476778030395508	50.0	579.4513523200754	12.662103705096571	2.8384770667132555
69.0	6.7344160079956055	50.0	479.5121665079618	10.72605227890108	2.053673888051674
70.0	6.764303207397461	50.0	476.1202522893507	11.130794893684609	4.463174416466958
71.0	9.22361946105957	50.0	152.05420811285953	49.97774055281313	13.550066442552405
72.0	7.938113689422607	50.0	444.6993572756474	41.56991281645327	39.3727086547259
73.0	6.860555648803711	50.0	449.72130304079377	10.98472220959129	6.026743303842148
74.0	10.721659660339355	50.0	50.11412829726715	49.54821800423125	2.059744940329898
75.0	6.54368257522583	50.0	560.7371810335942	27.56619724115508	1.4641005614812597
76.0	6.945552349090576	50.0	420.438005128142	12.069107288669784	2.326573466971453
77.0	8.129262924194336	50.0	216.78703441399315	21.14638375058268	3.177644801050312
78.0	9.136669158935549	50.0	154.96530497417675	45.87791461874347	14.963165928556045
79.0	8.303047180175781	50.0	290.7225922197313	27.56672599259237	48.6768612719226
80.0	6.348657131195068	50.0	597.89334151193	24.986199501776472	1.6852441449723194
81.0	7.085694313049316	50.0	381.3318486647543	10.523385480101082	4.394500304313417
82.0	6.604916095733643	50.0	527.1512345784314	12.450512036085009	2.9600571584338846
83.0	6.872527122497559	50.0	506.7232383655276	36.58009226773594	12.692189166186234
84.0	6.434906005859375	50.0	577.5069626827628	10.105527585359004	1.10758040781459
85.0	6.8887939453125	50.0	435.3811519673158	11.711719027673356	1.898800919438741
86.0	7.238795280456543	50.0	335.60457721302134	10.566781575140691	3.1923017692535054
87.0	6.661520957946777	50.0	504.6999875917528	13.867663091136402	2.778646344989141
88.0	6.563521862030029	50.0	544.7322635150242	10.474815485604177	3.107938220622543
89.0	6.932442665100098	50.0	426.34170722686287	12.4428569385608	3.636823806970957
90.0	6.4641218185424805	50.0	565.8159780003416	10.32697051618338	1.195205754690244
91.0	6.994736194610596	50.0	405.68399610632235	10.220145003893021	1.283561727184326
92.0	6.428416728973389	50.0	585.2107291134283	11.470370055954294	1.401833544718928
93.0	6.832586288452148	50.0	452.93207719897333	14.805030364233742	2.271804943512905
94.0	6.674052715301514	50.0	497.57744865155655	10.077963970244415	1.2934679722869566
95.0	6.520191669464111	50.0	598.5350308173851	45.143866779574246	1.9553518628062656
