Iteration	Y	var_1	var_2	var_3	var_4
1.0	8.1874649	50.0	508.6432744498421	32.16910364499149	12.385329428923274
2.0	10.02855	50.0	218.8314208197308	24.085278161064565	5.09451024950384
3.0	9.4938006	50.0	541.4871938258685	17.275696106403146	30.573872692269703
4.0	9.7698449	50.0	446.8491239725676	41.42407047457435	36.72064510709328
5.0	10.430227	50.0	154.46642481263825	48.61932889647877	14.535702596365876
6.0	8.4381601	50.0	510.023518425971	32.282853849054895	12.584926357959842
7.0	8.5667792	50.0	505.0581466738425	34.5423787805168	10.520041187547235
8.0	8.5571684	50.0	505.4362910263153	28.552771837641657	13.613025252033273
9.0	8.6662707	50.0	506.3842961822463	33.916464423864696	16.423273311753874
10.0	8.5887951	50.0	508.0088294960417	29.49309603624847	7.66278190198104
11.0	8.8710229	50.0	511.5050773133781	18.900100177414703	10.455866217656238
12.0	8.7531647	50.0	501.7785839369658	19.62658870515381	4.277345502566466
13.0	9.4064781	50.0	507.7508200818772	12.660900475520569	1.0
14.0	8.6160341	50.0	498.500068077399	27.03499198899053	6.088176620298315
15.0	8.8170716	50.0	494.50559560330464	20.977921484250235	9.482447420297744
16.0	8.58784	50.0	493.8388635498817	23.799499646530325	1.0
17.0	8.5807308	50.0	490.5694340868134	30.755876555529543	3.6936640798841904
18.0	8.4883914	50.0	484.9449983142507	24.701941543656147	1.982904452291028
19.0	8.5698905	50.0	483.8858848225209	27.77718787980272	9.118285910059774
20.0	8.6024815	50.0	481.16873534095856	31.952215321772808	1.591496990497334
21.0	8.6158353	50.0	476.6573078589839	23.74478948632331	4.56777722442089
22.0	9.0864266	50.0	483.2326485570845	16.996937504563444	6.127695504165459
23.0	8.5703236	50.0	475.20602344257554	31.719968213674697	9.433466008837154
24.0	8.63485	50.0	483.0299249151453	37.20973406079221	10.125625343830446
25.0	8.6415627	50.0	470.4777484282535	30.63972680592197	1.0656966076702474
26.0	8.6317967	50.0	473.93241444723617	40.20705162613498	4.926039709951651
27.0	8.5394432	50.0	465.7927310602976	35.37877072819002	9.711416525184294
28.0	8.994305	50.0	472.0035088308448	39.408943980048754	15.317490478930308
29.0	8.6210247	50.0	466.6312078886974	26.709574418427263	9.407106354031711
30.0	8.5692263	50.0	460.1419383191383	33.22907163091338	3.7285047639371314
31.0	8.7781289	50.0	464.2257306528718	40.99455284134243	2.118773285675363
32.0	8.6785462	50.0	457.828086054462	31.76701811918022	12.356699363362653
33.0	8.5550332	50.0	460.38661546968206	23.89659497915953	1.242239891213886
34.0	8.5726238	50.0	451.9565740187497	27.193065091582685	2.728016320099741
35.0	8.8024302	50.0	455.8214927029806	20.622520686334955	8.567494163000918
36.0	8.1805759	50.0	450.160019318745	36.49475753322242	3.454008278487397
37.0	8.431967	50.0	445.0352786376917	35.3968138870455	1.0
38.0	8.8640501	50.0	447.53786874942114	38.049221195116985	8.496454996888566
39.0	8.838489	50.0	452.81632060094455	39.54363695407566	1.0
40.0	8.5918785	50.0	450.0115082897767	32.94359528405532	2.0107642040276263
41.0	8.0394641	50.0	447.3161435591786	38.78996878191405	2.384583321532844
42.0	8.5916966	50.0	490.3686081491308	32.29004533223716	11.826290835296088
43.0	8.693204	50.0	483.1905235026822	30.78020663714271	16.638755141992544
44.0	7.9643653	50.0	444.4569297060816	41.368667647427536	1.0
45.0	7.8911272	50.0	445.3838822282578	44.67535054223059	2.544601201986864
46.0	7.9276002	50.0	441.7829536614306	45.87672278718778	1.0
47.0	7.9445187	50.0	441.5886935567474	43.990085751354165	4.589049095511431
48.0	8.4078671	50.0	442.9656201819518	49.33110012258188	4.80014445719955
49.0	8.7326695	50.0	437.8360148347084	42.42430915151284	1.1451609752875165
50.0	7.9468724	50.0	487.76625693138965	44.48034107379156	1.0
