=============================================
n_gen |  n_eval |     fopt     |     favg    
=============================================
    1 |       5 |  5.375533104 |  6.228457737
    2 |      10 |  5.262921333 |  5.473600006
    3 |      15 |  5.239759922 |  5.279498482
    4 |      20 |  5.239759922 |  5.251488018
    5 |      25 |  5.239759922 |  5.246805954
    6 |      30 |  5.196859360 |  5.230320263
    7 |      35 |  5.196859360 |  5.225539303
    8 |      40 |  4.723086357 |  5.122187328
    9 |      45 |  4.700804710 |  4.912026596
   10 |      50 |  4.606927872 |  4.690642452
   11 |      55 |  4.599299431 |  4.626101494
   12 |      60 |  4.533635616 |  4.578325844
   13 |      65 |  4.530519009 |  4.544341660
   14 |      70 |  4.425032616 |  4.508915043
   15 |      75 |  4.425032616 |  4.487553596
   16 |      80 |  3.962271690 |  4.253523636
   17 |      85 |  3.962271690 |  4.100934315
   18 |      90 |  3.962271690 |  3.984295845
   19 |      95 |  3.936486244 |  3.963368893
   20 |     100 |  3.936486244 |  3.952164841
X is: [551.52998602 570.30929933  10.09689178   1.36931729]
F is: [3.93648624]
sim data is: (100, 7)
