Iteration	Y	var_1	var_2	var_3	var_4
1.0	6.7245485999999985	366.8689858685758	274.32143419168955	18.311232893669885	7.368391639901032
2.0	7.1563270999999995	176.09295743851297	329.70898292090243	14.612360613563984	27.73583796703207
3.0	6.0218809	507.9661149678569	525.2676203495763	33.95322375616349	16.002593537681328
4.0	7.2953864	183.0668881602897	317.87823216236626	24.944399897049518	25.75972634557523
5.0	10.509955999999999	569.6447851182728	105.62284492861536	25.862712655253862	19.241895256775848
6.0	6.0331375	508.34183654203264	524.304326105245	34.648200960716785	15.28373241843967
7.0	8.8061065	349.31542523602974	561.5848483165591	10.0	50.0
8.0	1100.0	563.5999346820373	564.1873248735507	10.0	43.005515611979675
9.0	7.788667999999999	461.7101718435358	521.3548951482193	34.39689068421526	14.615964927533355
10.0	6.7580114	286.1123822884884	300.2827077503263	14.803692482811256	16.508130653535463
11.0	7.1553270000000015	242.99769200165443	362.0399064742789	23.67293379070119	36.46264696612038
12.0	6.8025360999999975	340.3494660547818	349.14569851096184	32.34998643899795	29.865204198206104
13.0	6.5231218	307.38296520280704	434.2572507382637	10.0	33.45507173504325
14.0	8.8166579	289.15323824604667	511.0014157958962	32.95996373825037	50.0
15.0	6.6961823	244.83599904478942	441.1865269788188	50.0	1.0
16.0	1100.0	216.80882601117847	451.75819573254967	10.0	50.0
17.0	6.6804936	288.4374142063008	413.0299380406752	50.0	1.0
18.0	6.3120292000000005	306.3521756515858	477.734099415475	50.0	1.0
19.0	8.4055123	344.5852396971505	491.77694743611846	25.98669500366654	49.84157074375233
20.0	7.1301619999999994	249.74461114503288	342.90107742413534	50.0	1.0
21.0	6.611670599999999	308.7433989345063	552.5838478100776	50.0	22.093958957902032
22.0	6.0424934	365.2288227527749	418.58700603866373	10.0	16.768891335541273
23.0	7.170377900000001	418.7994328095993	328.2046066570076	10.0	50.0
24.0	7.4695578	426.85160155970567	255.14033823327148	50.0	50.0
25.0	6.3478426	457.4872990047824	279.2765580535197	10.0	1.0
26.0	6.703889200000001	414.9910254986635	321.43839264109675	50.0	1.0
27.0	7.3771961	503.2774596691983	184.13043514818028	27.787859814754878	21.328945225802048
28.0	7.3089707	422.3611994929485	197.7717135742299	10.0	1.0
29.0	11.085355999999999	481.67047419841066	108.97563141128721	10.0	1.0
30.0	8.3202602	439.45528038024713	147.06806179286008	50.0	50.0
31.0	7.700772099999999	354.3875170905082	197.82732231209937	44.80381451838485	50.0
32.0	10.727678	375.6686368219347	123.25450073443605	29.72151156820349	1.0
33.0	14.503648000000002	505.7703079799965	71.85997504032599	50.0	50.0
34.0	7.5532671	239.7625848642664	311.4218120807662	10.0	50.0
35.0	15.726076999999998	415.7760428525182	60.5789537507543	10.0	50.0
36.0	7.453827	508.5220330045723	306.27053037913134	50.0	50.0
37.0	6.5098142999999995	483.0519828993413	373.9468732411052	15.162275653973973	5.493463241957726
38.0	6.2434968	553.7403532552048	263.1646573465481	10.0	1.0
39.0	7.2748503	573.0	209.3905820276065	50.0	50.0
40.0	9.6839497	565.7504042025753	340.5585074004984	50.0	1.0
41.0	7.7380113	301.461561888496	193.72680033188485	10.0	1.0
42.0	9.194113	311.22515919793614	121.7574933442175	10.0	50.0
43.0	8.2063705	254.52742203821342	181.5697404215097	50.0	50.0
44.0	11.618825	267.8414437838296	117.52226347317226	50.0	1.0
45.0	17.552633	331.94272294579605	48.04537595141266	50.0	27.380500805461068
46.0	8.410662	205.6365535974045	175.50993133490283	10.0	1.0
47.0	9.816514699999999	216.9631160747657	108.73587917919235	10.0	50.0
48.0	9.0528724	158.06082931435412	158.54829376277118	50.0	50.0
49.0	7.9270354	158.12473731458175	233.13816665977996	10.0	50.0
50.0	7.9491043	109.24196387852786	284.75900204711843	10.0	1.0
51.0	8.9518752	107.83724653362495	191.76944003563733	10.0	1.0
52.0	9.2278329	84.56121427563791	236.4527435818977	50.0	50.0
53.0	8.5782106	156.2041921654925	229.18250690505653	50.0	1.0
54.0	6.884318	501.5369932648342	244.68479546523102	10.0	50.0
55.0	15.045113	139.7050222374634	95.9762112269828	10.0	1.0
56.0	18.686542000000006	235.68505515662585	32.55381392786355	10.0	1.0
57.0	10.36486	65.7687797951804	138.85484317315837	50.0	49.872613456842345
58.0	14.526065	18.69152992996034	203.90360551212638	35.67596665757915	1.0
59.0	29.672178999999996	22.75979367461861	286.4196016930048	10.0	37.93297848544457
60.0	1100.0	437.92369847165963	398.44763084871823	50.0	50.0
61.0	6.4375941	507.2895889562869	340.71879591747296	10.0	1.0
62.0	6.4336428	409.82138894782577	295.38350654432645	10.0	32.52949497636211
63.0	6.0815189000000025	329.4954201512876	401.90521709503935	10.0	1.0
64.0	8.028940299999999	282.94875183039227	337.4230682215148	50.0	50.0
65.0	6.99746	504.6403226601265	253.78722116955447	50.0	1.0
66.0	18.717369	168.8320308233162	47.944730343467825	50.0	50.0
67.0	22.193176	31.24668165416711	109.68008447336193	10.0	1.0
68.0	5.8396459	340.9338362772562	456.4807110218856	10.0	1.0
69.0	19.075423	74.0520677797714	46.09001787196889	44.247712106546096	50.0
70.0	18.541446	449.55876440742486	19.233870920251686	50.0	1.0
71.0	7.3111339000000015	573.0	283.93850252572065	50.0	50.0
72.0	17.205939	539.5026343175274	21.41711918015459	10.0	1.0
73.0	6.2926606	375.85945049758254	329.7258651954241	10.0	1.0
74.0	6.281531200000001	480.84327678895767	546.9700468946309	50.0	1.0
75.0	50.184587	10.0	10.0	10.0	1.0
76.0	8.857492	532.8840507196327	392.87761455572576	10.0	1.0
77.0	7.7143029000000025	322.9694326553458	264.0352417454614	50.0	50.0
78.0	17.870399	131.15313063830988	10.0	10.0	1.0
79.0	7.792134599999999	245.438018703036	237.5456665985812	50.0	1.0
80.0	8.3744732	57.115368171543246	348.87731271631685	50.0	1.0
81.0	9.3469043	108.16496911365006	313.71534837231184	50.0	50.0
82.0	1100.0	10.0	399.7640558942276	50.0	50.0
83.0	9.0065463	74.88953932118409	311.78729334908905	50.0	1.0
84.0	17.404089000000006	573.0	10.0	50.0	50.0
85.0	6.35588	483.70755311682456	520.7906393993752	10.0	1.0
86.0	42.638414000000004	10.0	195.44556771873127	10.0	50.0
87.0	16.833601	367.4397887282289	10.0	10.0	1.0
88.0	8.3015109	118.0856169561193	348.3043419842545	50.0	1.0
89.0	17.601646	261.53412326854533	10.0	50.0	50.0
90.0	1100.0	313.06159982468466	352.70139569278535	10.0	50.0
91.0	6.7466425	353.05761388570755	345.4665209029853	43.541801110894525	18.068488810242087
92.0	7.549741900000001	255.21765958441608	325.8568621217016	50.0	39.83916547492972
93.0	6.3233831	324.5342607913668	433.61788910817216	34.99326404994885	7.657006226049003
94.0	7.329840799999999	282.85189406346865	287.18889826466636	50.0	21.903061358298146
95.0	6.6438166	531.148237652522	271.3668956390723	34.19299067819572	32.59205936421086
96.0	6.9886065	249.99098628358303	283.88480200967615	17.064687724824726	8.89434180505472
97.0	6.9879584	296.4977057292703	254.96016170530655	18.290183758273123	10.115315229942802
98.0	6.9540859	462.469930020983	229.16297949146374	29.260210485993163	21.62679009048263
99.0	6.834184599999999	468.7399826758048	280.3818050616419	35.45142119621126	38.361433518627464
100.0	8.1991569	129.71442912914185	265.367739247204	40.030145389650265	32.378535365933054
101.0	8.5024769	259.99531654350665	152.1160366498129	12.681440229861169	24.184352773321745
102.0	8.0906142	200.28589751298182	205.3209402083945	40.595772597090864	34.607862744514826
103.0	8.6295161	312.2935968443957	158.74205849350543	46.07543206432642	25.010522203318025
104.0	7.3564499	389.3946978132446	228.16001821513214	46.628675268699745	12.678130644671752
105.0	10.211465	211.4337279263352	141.88566840893543	50.0	23.559526079352448
