Opt_scheme	a	b	c	d	n	t	Fd

Bo_EI	340.9338362772562	532.58	456.4807110218856	191	10.0	1.0	5.8396459

BO_LCB	573.0	229.8	527.1994389899306 	191	10.0	1.0	 5.0737555

GA	342.309973117475	493.687661153558	494.01	191	11.3326289063865	3.9085190052436	5.7534892

VMC	432.662227597245	846.19580010715	51.1419722956046	191	4.1895788245481	12.5154570122639	5.8678692

LHCminimax	545.656790985979	234.818213097911	549.52499591611	191	1.50655065108085	14.4622714279512	5.379029

Nealder-Mead	388.698974609375	496.078796386719	445.222229003906	191	1.0007426738739	4.89034271240234	5.75395441055298

