1.461921882629394531e+01 1.339066123962402344e+01
3.270581007003784180e+00 3.318347930908203125e+00
4.637878894805908203e+00 4.598477363586425781e+00
4.393772602081298828e+00 4.390494823455810547e+00
7.292245864868164062e+00 7.246286869049072266e+00
4.082466602325439453e+00 4.037514209747314453e+00
2.853608369827270508e+00 2.828990936279296875e+00
6.149360179901123047e+00 6.197287559509277344e+00
4.729709148406982422e+00 4.701561450958251953e+00
4.281046867370605469e+00 4.275019645690917969e+00
4.016910076141357422e+00 3.991652965545654297e+00
1.413133239746093750e+01 1.482979106903076172e+01
2.690621137619018555e+00 2.712405681610107422e+00
2.196785211563110352e+00 2.177424430847167969e+00
1.151349830627441406e+01 1.107786560058593750e+01
8.775919914245605469e+00 8.714243888854980469e+00
3.841902732849121094e+00 3.813983917236328125e+00
6.552594184875488281e+00 6.516975879669189453e+00
4.739426136016845703e+00 4.763935089111328125e+00
2.117209815979003906e+01 6.173575878143310547e+00
6.748586177825927734e+00 6.778221130371093750e+00
5.097755908966064453e+00 5.080799579620361328e+00
7.177335262298583984e+00 7.143231391906738281e+00
4.679586887359619141e+00 4.655235767364501953e+00
4.328110694885253906e+00 4.297347068786621094e+00
7.503055095672607422e+00 7.461393356323242188e+00
5.758944988250732422e+00 5.793269634246826172e+00
9.110066413879394531e+00 9.063715934753417969e+00
5.054257869720458984e+00 5.020836830139160156e+00
4.188598155975341797e+00 4.159028530120849609e+00
2.773456811904907227e+00 2.737115859985351562e+00
5.028926849365234375e+00 5.016861438751220703e+00
7.499878406524658203e+00 7.503711223602294922e+00
2.048664569854736328e+00 2.034895896911621094e+00
5.080244541168212891e+00 5.071593284606933594e+00
6.074117183685302734e+00 6.127567291259765625e+00
7.340808868408203125e+00 7.262964248657226562e+00
5.627686500549316406e+00 5.623171329498291016e+00
3.416670799255371094e+00 3.439439773559570312e+00
3.297208547592163086e+00 3.320703506469726562e+00
5.407602310180664062e+00 5.351066112518310547e+00
4.358034610748291016e+00 4.330027580261230469e+00
7.622337341308593750e+00 7.541450977325439453e+00
9.288204193115234375e+00 9.267576217651367188e+00
4.185691356658935547e+00 4.164389133453369141e+00
4.736326217651367188e+00 4.720012187957763672e+00
7.576847076416015625e+00 7.591118335723876953e+00
5.190243721008300781e+00 5.236457347869873047e+00
4.724773883819580078e+00 4.704275608062744141e+00
4.683860301971435547e+00 4.630147933959960938e+00
6.746229171752929688e+00 6.716768741607666016e+00
3.991334199905395508e+00 3.965198993682861328e+00
7.428077220916748047e+00 7.350485801696777344e+00
9.508367538452148438e+00 9.446972846984863281e+00
4.349069595336914062e+00 4.363584041595458984e+00
4.778485774993896484e+00 4.761516094207763672e+00
6.533846855163574219e+00 6.561971664428710938e+00
3.893342733383178711e+00 3.920007228851318359e+00
7.740112781524658203e+00 7.652702331542968750e+00
4.411129951477050781e+00 4.386628150939941406e+00
4.703410625457763672e+00 4.686836242675781250e+00
2.560042858123779297e+00 2.516500473022460938e+00
3.451116323471069336e+00 8.074097633361816406e+00
7.943232536315917969e+00 7.923820018768310547e+00
4.879687786102294922e+00 4.857232093811035156e+00
4.089576721191406250e+00 4.082747936248779297e+00
3.116684198379516602e+00 3.087479591369628906e+00
8.468111038208007812e+00 8.461214065551757812e+00
3.952584743499755859e+00 4.009395599365234375e+00
7.583911895751953125e+00 7.552258491516113281e+00
6.894412040710449219e+00 6.754734039306640625e+00
4.712823390960693359e+00 4.789310932159423828e+00
2.739825248718261719e+00 2.696874618530273438e+00
6.442758083343505859e+00 6.433617591857910156e+00
6.960619449615478516e+00 6.930974006652832031e+00
1.003960704803466797e+01 9.338850021362304688e+00
6.779673576354980469e+00 6.805155754089355469e+00
3.350030899047851562e+00 3.350692272186279297e+00
1.888319611549377441e+00 1.894261121749877930e+00
6.934588432312011719e+00 6.927403926849365234e+00
2.686462402343750000e+00 2.672861576080322266e+00
3.620325326919555664e+00 3.603746414184570312e+00
1.822977542877197266e+00 1.839342236518859863e+00
3.311288833618164062e+00 3.300462245941162109e+00
8.491075515747070312e+00 8.439327239990234375e+00
4.703413009643554688e+00 4.672417163848876953e+00
3.727049350738525391e+00 3.712703227996826172e+00
6.057384014129638672e+00 6.031849384307861328e+00
6.558940887451171875e+00 6.543263435363769531e+00
2.729826211929321289e+00 2.705455780029296875e+00
8.184189796447753906e+00 8.339442253112792969e+00
4.992382049560546875e+00 4.951839923858642578e+00
2.087522029876708984e+00 2.055731534957885742e+00
5.065992832183837891e+00 5.068937301635742188e+00
7.775129318237304688e+00 7.760912418365478516e+00
2.423588514328002930e+00 2.359403133392333984e+00
4.937928199768066406e+00 5.013043880462646484e+00
5.270994663238525391e+00 5.224016189575195312e+00
5.373776435852050781e+00 5.346919059753417969e+00
8.624270439147949219e+00 8.600017547607421875e+00
4.042055130004882812e+00 4.037938117980957031e+00
4.674933433532714844e+00 4.811476707458496094e+00
5.019826412200927734e+00 4.982877731323242188e+00
4.773723125457763672e+00 4.735364913940429688e+00
3.568194150924682617e+00 3.577818393707275391e+00
9.281359672546386719e+00 9.559361457824707031e+00
5.517963409423828125e+00 5.508532047271728516e+00
2.533830642700195312e+00 2.482999801635742188e+00
3.457446098327636719e+00 3.462929248809814453e+00
3.926382780075073242e+00 3.919188022613525391e+00
8.265779495239257812e+00 8.229828834533691406e+00
8.212480545043945312e+00 8.231439590454101562e+00
6.971152305603027344e+00 7.045784950256347656e+00
5.461089611053466797e+00 5.443964481353759766e+00
2.102645397186279297e+00 2.094612121582031250e+00
6.323320865631103516e+00 6.289492607116699219e+00
7.497922897338867188e+00 7.429820537567138672e+00
9.653651237487792969e+00 9.649460792541503906e+00
6.566678047180175781e+00 6.504768371582031250e+00
6.952637672424316406e+00 6.943887710571289062e+00
1.022393131256103516e+01 4.437846183776855469e+00
5.626183986663818359e+00 5.615324974060058594e+00
4.140994071960449219e+00 4.115112304687500000e+00
7.656081676483154297e+00 7.694996356964111328e+00
2.823549509048461914e+00 2.817552089691162109e+00
6.602119922637939453e+00 6.608904838562011719e+00
4.159311771392822266e+00 4.148469924926757812e+00
4.948747158050537109e+00 4.913049697875976562e+00
5.782475471496582031e+00 5.831710338592529297e+00
4.101711273193359375e+00 4.062193870544433594e+00
7.213236808776855469e+00 7.149731636047363281e+00
2.097029685974121094e+00 2.049485445022583008e+00
8.815430641174316406e+00 8.729090690612792969e+00
4.770533084869384766e+00 4.748945236206054688e+00
6.576387882232666016e+00 6.532512187957763672e+00
7.406874179840087891e+00 7.429225921630859375e+00
6.159151077270507812e+00 6.142683029174804688e+00
4.888697147369384766e+00 4.869193553924560547e+00
5.625432491302490234e+00 5.635258674621582031e+00
4.904084682464599609e+00 4.901993274688720703e+00
6.742141723632812500e+00 6.731082916259765625e+00
3.800946950912475586e+00 3.783981800079345703e+00
4.740917682647705078e+00 4.725883960723876953e+00
6.962426185607910156e+00 6.974241256713867188e+00
3.287475585937500000e+00 3.217539310455322266e+00
7.624906539916992188e+00 4.943525314331054688e+00
7.947782993316650391e+00 7.922041893005371094e+00
6.329327583312988281e+00 6.183000564575195312e+00
8.253406524658203125e+00 8.244728088378906250e+00
2.975172519683837891e+00 2.956165790557861328e+00
4.436944484710693359e+00 4.390312671661376953e+00
5.738766193389892578e+00 5.714597702026367188e+00
1.965341448783874512e+00 1.933663249015808105e+00
3.424036502838134766e+00 3.436264038085937500e+00
5.420807361602783203e+00 5.291078090667724609e+00
3.618528604507446289e+00 3.585437774658203125e+00
4.531578063964843750e+00 4.508421897888183594e+00
6.257459163665771484e+00 6.289140224456787109e+00
2.385673999786376953e+00 2.392918586730957031e+00
4.242298126220703125e+00 4.240660667419433594e+00
2.538206100463867188e+00 2.532136917114257812e+00
1.423590373992919922e+01 1.387937068939208984e+01
5.043145179748535156e+00 5.033554077148437500e+00
2.008594989776611328e+00 1.990960717201232910e+00
3.559907674789428711e+00 3.547916889190673828e+00
2.601822376251220703e+00 2.554242610931396484e+00
4.383082389831542969e+00 4.353051185607910156e+00
7.795810222625732422e+00 7.857612133026123047e+00
5.096601009368896484e+00 5.042992591857910156e+00
3.365456581115722656e+00 3.372704982757568359e+00
4.569293975830078125e+00 4.556361198425292969e+00
7.512397766113281250e+00 7.554306030273437500e+00
4.838092803955078125e+00 4.803278446197509766e+00
8.481616973876953125e+00 8.505334854125976562e+00
5.815038681030273438e+00 6.314751625061035156e+00
6.943362236022949219e+00 6.909626007080078125e+00
7.876758575439453125e+00 7.877614498138427734e+00
5.076395511627197266e+00 5.053791999816894531e+00
3.747787475585937500e+00 3.752957820892333984e+00
4.197294235229492188e+00 4.180623054504394531e+00
6.457306385040283203e+00 6.433917999267578125e+00
6.012525081634521484e+00 5.961101055145263672e+00
5.055854320526123047e+00 5.088142871856689453e+00
4.870648860931396484e+00 4.904646396636962891e+00
4.542333602905273438e+00 4.583511352539062500e+00
7.002322196960449219e+00 6.962845325469970703e+00
5.615825176239013672e+00 5.612325668334960938e+00
4.910132408142089844e+00 4.843551635742187500e+00
4.536232948303222656e+00 4.499265670776367188e+00
6.899876594543457031e+00 6.824062824249267578e+00
5.405599594116210938e+00 5.504043102264404297e+00
4.082851409912109375e+00 4.066876411437988281e+00
5.599719047546386719e+00 5.584991931915283203e+00
6.196971416473388672e+00 6.271596431732177734e+00
5.856831550598144531e+00 5.850694179534912109e+00
6.547887325286865234e+00 6.484529495239257812e+00
9.651108741760253906e+00 7.274935245513916016e+00
6.588953971862792969e+00 6.591860771179199219e+00
6.745032310485839844e+00 6.718708992004394531e+00
2.725814342498779297e+00 2.719982624053955078e+00
5.735157489776611328e+00 5.774445533752441406e+00
6.562683582305908203e+00 6.569742202758789062e+00
5.881338119506835938e+00 5.884588718414306641e+00
5.232627391815185547e+00 5.196853637695312500e+00
7.824437618255615234e+00 7.785122871398925781e+00
5.521699428558349609e+00 5.502563953399658203e+00
6.920843124389648438e+00 6.870413780212402344e+00
2.835808515548706055e+00 2.836209297180175781e+00
2.856540203094482422e+00 2.870449542999267578e+00
2.803384542465209961e+00 2.781085491180419922e+00
6.328107833862304688e+00 6.322844505310058594e+00
6.124213218688964844e+00 6.105130672454833984e+00
2.887586593627929688e+00 2.855784416198730469e+00
2.556422233581542969e+00 2.565370559692382812e+00
2.919922351837158203e+00 2.891561508178710938e+00
3.852173089981079102e+00 3.833675384521484375e+00
7.037874698638916016e+00 7.045376300811767578e+00
2.591851711273193359e+00 2.564872264862060547e+00
3.542010068893432617e+00 3.520233631134033203e+00
5.670723438262939453e+00 5.601984500885009766e+00
4.868902206420898438e+00 4.877724170684814453e+00
2.054649114608764648e+00 2.081657886505126953e+00
7.615387439727783203e+00 7.758471488952636719e+00
5.595756530761718750e+00 5.603256702423095703e+00
3.725849628448486328e+00 3.692702293395996094e+00
6.512509822845458984e+00 6.676259517669677734e+00
5.602112770080566406e+00 5.610182285308837891e+00
3.588683128356933594e+00 3.584292888641357422e+00
3.734342813491821289e+00 3.699343681335449219e+00
2.505699157714843750e+00 2.516815185546875000e+00
3.795427560806274414e+00 3.824972629547119141e+00
4.943037509918212891e+00 4.948778152465820312e+00
4.525216102600097656e+00 4.514996528625488281e+00
3.985177516937255859e+00 3.982115268707275391e+00
3.110038995742797852e+00 3.114189624786376953e+00
2.930614709854125977e+00 2.918919563293457031e+00
2.205482959747314453e+00 2.199915409088134766e+00
7.373621940612792969e+00 7.378926753997802734e+00
6.758475780487060547e+00 6.769460201263427734e+00
2.016978740692138672e+00 2.009428977966308594e+00
9.109869956970214844e+00 9.195283889770507812e+00
9.296716690063476562e+00 9.736181259155273438e+00
4.607680320739746094e+00 4.587053298950195312e+00
7.512660503387451172e+00 7.494451522827148438e+00
4.175034523010253906e+00 4.163474559783935547e+00
6.015200138092041016e+00 5.992026329040527344e+00
6.356165885925292969e+00 6.350617408752441406e+00
2.028697013854980469e+00 2.037158250808715820e+00
3.514393568038940430e+00 3.505480289459228516e+00
6.914559364318847656e+00 5.275613784790039062e+00
3.580356836318969727e+00 3.597143173217773438e+00
2.265094518661499023e+00 2.248147487640380859e+00
6.291291713714599609e+00 6.220202445983886719e+00
5.586288928985595703e+00 5.575452327728271484e+00
4.048886299133300781e+00 4.059208869934082031e+00
6.233894348144531250e+00 6.215727329254150391e+00
5.901499271392822266e+00 5.863820552825927734e+00
6.284918308258056641e+00 6.292228698730468750e+00
4.368230819702148438e+00 4.309460639953613281e+00
2.183235168457031250e+00 2.164585113525390625e+00
2.951408386230468750e+00 2.949935913085937500e+00
6.959447383880615234e+00 6.960196495056152344e+00
5.561594009399414062e+00 5.523168087005615234e+00
3.033581495285034180e+00 3.024856567382812500e+00
5.037505626678466797e+00 5.027185440063476562e+00
4.606066226959228516e+00 4.553084850311279297e+00
7.682331085205078125e+00 7.800571918487548828e+00
4.871550559997558594e+00 4.838795661926269531e+00
3.266468763351440430e+00 3.275236606597900391e+00
3.525337696075439453e+00 3.491490364074707031e+00
4.869473934173583984e+00 4.834362030029296875e+00
4.631668567657470703e+00 4.609175205230712891e+00
1.525123119354248047e+00 1.541309714317321777e+00
6.016556262969970703e+00 5.989640712738037109e+00
7.751978874206542969e+00 7.750000000000000000e+00
2.754881620407104492e+00 2.738468170166015625e+00
6.228510379791259766e+00 6.203164577484130859e+00
3.487502813339233398e+00 3.444450378417968750e+00
4.608561992645263672e+00 4.581264972686767578e+00
3.473505735397338867e+00 3.488564014434814453e+00
5.238469123840332031e+00 5.222085475921630859e+00
2.898996591567993164e+00 2.896143436431884766e+00
5.466643810272216797e+00 5.432439804077148438e+00
7.902905464172363281e+00 7.921227931976318359e+00
2.504015922546386719e+00 2.558668136596679688e+00
3.229984521865844727e+00 3.250595092773437500e+00
8.209733963012695312e+00 8.238779067993164062e+00
8.589117050170898438e+00 8.489876747131347656e+00
5.815412998199462891e+00 5.765480995178222656e+00
6.722774028778076172e+00 6.779771327972412109e+00
8.214091300964355469e+00 8.204436302185058594e+00
9.064116477966308594e+00 8.992918014526367188e+00
7.237300872802734375e+00 7.200020313262939453e+00
6.291428565979003906e+00 6.027492523193359375e+00
3.818048000335693359e+00 3.798460483551025391e+00
5.871124744415283203e+00 5.890780448913574219e+00
2.431703329086303711e+00 2.390494823455810547e+00
6.649238586425781250e+00 6.649299621582031250e+00
4.722289085388183594e+00 4.715043544769287109e+00
6.224134445190429688e+00 6.188306808471679688e+00
6.155003070831298828e+00 6.165090560913085938e+00
4.069402694702148438e+00 4.052291393280029297e+00
3.777571678161621094e+00 3.780837059020996094e+00
3.460328817367553711e+00 3.464563846588134766e+00
2.398623228073120117e+00 2.406218051910400391e+00
4.601666450500488281e+00 4.598046779632568359e+00
6.246407985687255859e+00 6.236240386962890625e+00
4.505218982696533203e+00 4.504962444305419922e+00
4.300411224365234375e+00 4.309814929962158203e+00
8.082641601562500000e+00 8.005635261535644531e+00
2.815048217773437500e+00 2.814702033996582031e+00
5.557644367218017578e+00 5.541486263275146484e+00
4.072682380676269531e+00 4.058106422424316406e+00
5.459514617919921875e+00 5.443824768066406250e+00
2.911146879196166992e+00 2.888133049011230469e+00
3.598425626754760742e+00 3.547829627990722656e+00
8.923603057861328125e+00 8.947723388671875000e+00
2.484748601913452148e+00 2.466457843780517578e+00
4.042810440063476562e+00 3.997859954833984375e+00
2.601619482040405273e+00 2.648355007171630859e+00
4.899942398071289062e+00 4.845144748687744141e+00
4.920240402221679688e+00 4.902138710021972656e+00
3.627432346343994141e+00 3.579661846160888672e+00
2.385390520095825195e+00 2.394541740417480469e+00
9.663342475891113281e+00 9.645561218261718750e+00
6.894232749938964844e+00 6.867759704589843750e+00
5.255141735076904297e+00 5.244697570800781250e+00
8.359175682067871094e+00 8.401365280151367188e+00
3.966503858566284180e+00 3.991442203521728516e+00
5.046025276184082031e+00 5.011406421661376953e+00
5.081912994384765625e+00 9.635362625122070312e+00
7.079196453094482422e+00 7.068548679351806641e+00
6.305306434631347656e+00 6.317049980163574219e+00
3.021830320358276367e+00 3.051800727844238281e+00
2.640240430831909180e+00 2.629222869873046875e+00
8.842862129211425781e+00 8.617446899414062500e+00
7.315015792846679688e+00 7.300672054290771484e+00
1.304358100891113281e+01 1.286107254028320312e+01
2.696736097335815430e+00 2.675574779510498047e+00
2.062855958938598633e+00 2.049078464508056641e+00
4.278354167938232422e+00 4.288715839385986328e+00
2.065224170684814453e+00 2.067215204238891602e+00
3.352824211120605469e+00 3.326848506927490234e+00
2.533759593963623047e+00 2.579766273498535156e+00
5.908247470855712891e+00 5.896955013275146484e+00
3.650017023086547852e+00 3.653679847717285156e+00
4.006494998931884766e+00 3.985034465789794922e+00
2.754106998443603516e+00 2.790500164031982422e+00
4.359283447265625000e+00 4.344556331634521484e+00
6.417579174041748047e+00 6.400761604309082031e+00
5.220883369445800781e+00 5.187154293060302734e+00
2.539836406707763672e+00 2.469186782836914062e+00
4.555805206298828125e+00 4.659379005432128906e+00
3.858513116836547852e+00 3.875660419464111328e+00
5.817099094390869141e+00 5.729848384857177734e+00
1.863719344139099121e+00 1.931499242782592773e+00
7.518118858337402344e+00 4.253113269805908203e+00
6.486342430114746094e+00 6.532715797424316406e+00
4.630836009979248047e+00 4.625731945037841797e+00
1.825868606567382812e+00 1.810520768165588379e+00
1.013587379455566406e+01 1.012419795989990234e+01
7.785432338714599609e+00 7.208186149597167969e+00
7.193762302398681641e+00 7.145079135894775391e+00
7.122990608215332031e+00 7.167499542236328125e+00
2.180847406387329102e+00 2.209414482116699219e+00
2.127498388290405273e+00 2.107324361801147461e+00
3.179791688919067383e+00 2.901972293853759766e+00
6.816832065582275391e+00 6.855089664459228516e+00
4.714427947998046875e+00 4.926222801208496094e+00
3.339929819107055664e+00 3.336348056793212891e+00
7.851840972900390625e+00 7.825588226318359375e+00
3.717767000198364258e+00 3.663548946380615234e+00
4.702876567840576172e+00 4.687017440795898438e+00
6.162925243377685547e+00 6.168191909790039062e+00
3.908294439315795898e+00 3.906187057495117188e+00
2.445899724960327148e+00 2.423015117645263672e+00
2.633392333984375000e+00 2.607278347015380859e+00
7.111617565155029297e+00 6.068136692047119141e+00
8.733672142028808594e+00 8.944116592407226562e+00
4.637828826904296875e+00 4.615806102752685547e+00
8.071778297424316406e+00 8.067850112915039062e+00
4.493293762207031250e+00 4.479215621948242188e+00
4.812836647033691406e+00 4.796314716339111328e+00
8.345442771911621094e+00 8.318958282470703125e+00
9.345808029174804688e+00 9.239140510559082031e+00
1.074905300140380859e+01 6.288503170013427734e+00
7.967010498046875000e+00 7.914275646209716797e+00
9.317908287048339844e+00 9.329385757446289062e+00
3.682387828826904297e+00 3.712831974029541016e+00
5.121546745300292969e+00 5.090663433074951172e+00
1.610027551651000977e+00 1.601749658584594727e+00
7.015571594238281250e+00 7.004396438598632812e+00
4.601477622985839844e+00 4.568894386291503906e+00
4.798715114593505859e+00 4.783864498138427734e+00
3.015046596527099609e+00 2.994253635406494141e+00
2.817596912384033203e+00 2.817460060119628906e+00
3.407761812210083008e+00 3.406647205352783203e+00
2.942397356033325195e+00 2.909822463989257812e+00
4.955259323120117188e+00 4.980180263519287109e+00
6.014337062835693359e+00 5.978072643280029297e+00
7.182246685028076172e+00 7.160947799682617188e+00
3.114601135253906250e+00 3.120069980621337891e+00
7.758307456970214844e+00 7.721630573272705078e+00
1.837234020233154297e+00 1.817586064338684082e+00
8.336724281311035156e+00 8.060833930969238281e+00
5.292397022247314453e+00 5.295364379882812500e+00
8.403270721435546875e+00 8.378596305847167969e+00
3.177429437637329102e+00 3.185274600982666016e+00
5.502584457397460938e+00 5.496761798858642578e+00
4.165926456451416016e+00 4.143766403198242188e+00
5.220102787017822266e+00 5.175120830535888672e+00
6.279541492462158203e+00 6.267214298248291016e+00
2.826007843017578125e+00 2.806743621826171875e+00
2.635609388351440430e+00 2.618045330047607422e+00
5.946722984313964844e+00 6.077650547027587891e+00
6.165701389312744141e+00 6.167343616485595703e+00
7.818347930908203125e+00 7.790243148803710938e+00
6.535333156585693359e+00 6.555087566375732422e+00
4.666795730590820312e+00 4.646789550781250000e+00
4.991087436676025391e+00 5.002410411834716797e+00
3.516553640365600586e+00 3.477778911590576172e+00
5.334321975708007812e+00 5.306234359741210938e+00
4.670398235321044922e+00 4.668091773986816406e+00
5.667828083038330078e+00 5.746083259582519531e+00
2.456514120101928711e+00 2.480152606964111328e+00
1.845632553100585938e+00 1.857162237167358398e+00
5.450491905212402344e+00 5.436833381652832031e+00
2.865856170654296875e+00 2.861752986907958984e+00
6.485975742340087891e+00 6.468054771423339844e+00
3.210631847381591797e+00 3.209798812866210938e+00
6.778501987457275391e+00 6.758554458618164062e+00
6.450985431671142578e+00 6.377157688140869141e+00
7.125812530517578125e+00 7.305539608001708984e+00
2.967549085617065430e+00 2.977244377136230469e+00
5.069080829620361328e+00 5.043307304382324219e+00
3.770683050155639648e+00 3.731158733367919922e+00
5.241931915283203125e+00 5.248486042022705078e+00
5.029386997222900391e+00 4.924607753753662109e+00
2.243926763534545898e+00 2.243344306945800781e+00
8.531669616699218750e+00 8.823136329650878906e+00
6.918056964874267578e+00 6.947219371795654297e+00
7.571410655975341797e+00 7.592349529266357422e+00
7.374526977539062500e+00 7.348862648010253906e+00
7.669804573059082031e+00 7.661051750183105469e+00
4.935598373413085938e+00 4.786478519439697266e+00
6.429090976715087891e+00 6.379779338836669922e+00
2.564732313156127930e+00 2.596483230590820312e+00
8.018016815185546875e+00 8.017663955688476562e+00
3.209486246109008789e+00 3.194670677185058594e+00
6.670705795288085938e+00 6.680771350860595703e+00
6.856554031372070312e+00 6.841479301452636719e+00
7.010802745819091797e+00 6.997130393981933594e+00
3.514452219009399414e+00 3.489776611328125000e+00
6.516110897064208984e+00 6.482523441314697266e+00
3.917433500289916992e+00 3.884827136993408203e+00
6.409277915954589844e+00 6.427059650421142578e+00
3.244229316711425781e+00 3.214116573333740234e+00
8.643638610839843750e+00 8.815648078918457031e+00
1.463003730773925781e+01 5.597599506378173828e+00
2.719462394714355469e+00 2.704853057861328125e+00
5.415293693542480469e+00 5.490682125091552734e+00
4.781277179718017578e+00 4.762833118438720703e+00
3.273622274398803711e+00 3.242036819458007812e+00
5.461602210998535156e+00 5.447970867156982422e+00
5.101566314697265625e+00 5.038633346557617188e+00
5.813227653503417969e+00 5.743264198303222656e+00
3.396977663040161133e+00 3.362731933593750000e+00
3.618404865264892578e+00 3.673378467559814453e+00
7.366816043853759766e+00 7.370289802551269531e+00
6.199392795562744141e+00 5.994482994079589844e+00
2.594791412353515625e+00 2.589607715606689453e+00
7.981060504913330078e+00 7.961939334869384766e+00
5.654915332794189453e+00 5.630736827850341797e+00
4.167033672332763672e+00 4.158834457397460938e+00
5.274378299713134766e+00 5.285811424255371094e+00
3.057545900344848633e+00 3.026747703552246094e+00
8.074357986450195312e+00 8.028410911560058594e+00
5.729476451873779297e+00 5.749112606048583984e+00
4.413779258728027344e+00 4.393138885498046875e+00
7.231245994567871094e+00 7.225568771362304688e+00
5.330793380737304688e+00 5.330069541931152344e+00
3.094512224197387695e+00 3.075236320495605469e+00
7.199027061462402344e+00 7.226028919219970703e+00
2.429285526275634766e+00 2.423863410949707031e+00
4.755281925201416016e+00 4.759564876556396484e+00
6.840051651000976562e+00 6.868232727050781250e+00
6.906286239624023438e+00 6.907818794250488281e+00
2.572005987167358398e+00 2.639233589172363281e+00
5.944404125213623047e+00 5.981446266174316406e+00
6.148360729217529297e+00 6.070752143859863281e+00
2.565536499023437500e+00 2.572813510894775391e+00
4.418788909912109375e+00 4.410525798797607422e+00
1.716053247451782227e+00 1.725560665130615234e+00
6.895016670227050781e+00 6.901930332183837891e+00
5.570490360260009766e+00 5.557743072509765625e+00
1.822712540626525879e+00 1.814073562622070312e+00
3.128241777420043945e+00 3.140946865081787109e+00
4.434699535369873047e+00 4.387088775634765625e+00
6.980240821838378906e+00 6.973078250885009766e+00
2.279252290725708008e+00 2.314124584197998047e+00
2.999859809875488281e+00 2.973548889160156250e+00
7.809065818786621094e+00 7.781039237976074219e+00
4.466759204864501953e+00 4.451524734497070312e+00
8.816807746887207031e+00 8.827375411987304688e+00
6.801760196685791016e+00 6.887683391571044922e+00
4.007415294647216797e+00 4.009874343872070312e+00
5.851184844970703125e+00 5.844050407409667969e+00
2.944705247879028320e+00 2.949159145355224609e+00
6.077945709228515625e+00 6.057353019714355469e+00
1.804200768470764160e+00 1.844126701354980469e+00
4.990804672241210938e+00 4.964815616607666016e+00
1.144155406951904297e+01 4.971889972686767578e+00
3.397167921066284180e+00 3.400101661682128906e+00
5.431477069854736328e+00 5.432492256164550781e+00
7.236860275268554688e+00 7.228829383850097656e+00
6.539474487304687500e+00 8.412948608398437500e+00
5.513771533966064453e+00 5.480483531951904297e+00
3.833338499069213867e+00 3.848965644836425781e+00
5.816767692565917969e+00 5.802557945251464844e+00
6.292290687561035156e+00 6.253444194793701172e+00
7.992795467376708984e+00 6.852935314178466797e+00
6.188751220703125000e+00 6.106252193450927734e+00
5.530713081359863281e+00 5.509703636169433594e+00
2.865948200225830078e+00 2.901523113250732422e+00
5.428900241851806641e+00 5.391458988189697266e+00
5.512228488922119141e+00 5.510889530181884766e+00
3.682642221450805664e+00 3.658121585845947266e+00
5.006126880645751953e+00 4.975780010223388672e+00
3.314357042312622070e+00 3.286196708679199219e+00
2.258353710174560547e+00 2.264720916748046875e+00
3.838313341140747070e+00 3.832487106323242188e+00
3.690229892730712891e+00 3.693843364715576172e+00
7.668109416961669922e+00 7.651536464691162109e+00
3.922476291656494141e+00 3.905148983001708984e+00
4.392590045928955078e+00 4.289741992950439453e+00
5.397464752197265625e+00 5.437223911285400391e+00
2.579877138137817383e+00 2.548298835754394531e+00
7.615459442138671875e+00 7.589498996734619141e+00
1.942236542701721191e+00 1.984930753707885742e+00
6.445981979370117188e+00 6.440981864929199219e+00
4.290272712707519531e+00 4.261138916015625000e+00
1.982681512832641602e+00 1.986912012100219727e+00
4.253715991973876953e+00 4.244087219238281250e+00
5.060183525085449219e+00 5.056374073028564453e+00
4.643498420715332031e+00 4.612102508544921875e+00
8.488931655883789062e+00 8.602037429809570312e+00
3.604779005050659180e+00 3.580603122711181641e+00
5.874212265014648438e+00 5.846087932586669922e+00
3.260179996490478516e+00 3.189009189605712891e+00
7.290117263793945312e+00 7.265950202941894531e+00
2.189423084259033203e+00 2.183788299560546875e+00
7.656106948852539062e+00 7.572566986083984375e+00
5.526411533355712891e+00 5.483134269714355469e+00
3.519073486328125000e+00 3.529168605804443359e+00
5.733808994293212891e+00 5.722167491912841797e+00
5.923961162567138672e+00 5.936340808868408203e+00
5.866980075836181641e+00 5.855469703674316406e+00
2.396016597747802734e+00 2.395411491394042969e+00
2.908064365386962891e+00 2.935445785522460938e+00
5.747820854187011719e+00 5.707354068756103516e+00
6.795649528503417969e+00 6.840698719024658203e+00
4.801748752593994141e+00 4.798708915710449219e+00
7.123616218566894531e+00 7.119610786437988281e+00
5.266942501068115234e+00 5.237354278564453125e+00
8.367503166198730469e+00 8.437947273254394531e+00
3.395658731460571289e+00 3.367678165435791016e+00
7.051939964294433594e+00 6.761369705200195312e+00
3.147260904312133789e+00 3.135879993438720703e+00
2.367307662963867188e+00 2.393805503845214844e+00
7.946648597717285156e+00 7.865590572357177734e+00
2.522282123565673828e+00 2.549332141876220703e+00
2.401015996932983398e+00 2.380084037780761719e+00
3.462066411972045898e+00 3.412938117980957031e+00
4.180182456970214844e+00 4.169122219085693359e+00
4.866538524627685547e+00 4.846656799316406250e+00
6.096961498260498047e+00 6.087961673736572266e+00
7.456070899963378906e+00 7.495689868927001953e+00
5.831183910369873047e+00 5.783238410949707031e+00
7.527997970581054688e+00 7.523671627044677734e+00
3.226397037506103516e+00 3.220168590545654297e+00
2.306000709533691406e+00 2.280269622802734375e+00
5.704968929290771484e+00 5.671890735626220703e+00
1.679390788078308105e+00 1.680997967720031738e+00
4.612226486206054688e+00 4.549480438232421875e+00
4.077077865600585938e+00 3.974846363067626953e+00
3.545244216918945312e+00 3.507132530212402344e+00
6.866426944732666016e+00 6.893332958221435547e+00
3.681997060775756836e+00 3.685601234436035156e+00
5.708028316497802734e+00 5.723697662353515625e+00
1.651115179061889648e+00 1.625931262969970703e+00
6.719346523284912109e+00 6.647607803344726562e+00
4.095239639282226562e+00 4.083681106567382812e+00
4.402803897857666016e+00 4.398925304412841797e+00
8.156357765197753906e+00 8.095242500305175781e+00
2.345857858657836914e+00 2.356095314025878906e+00
2.859194517135620117e+00 2.819008827209472656e+00
2.727731227874755859e+00 2.741163730621337891e+00
6.952562808990478516e+00 6.923285484313964844e+00
4.134554862976074219e+00 4.131644248962402344e+00
6.787230014801025391e+00 6.744708538055419922e+00
4.361205577850341797e+00 4.317526817321777344e+00
4.430750370025634766e+00 4.405367851257324219e+00
6.492311477661132812e+00 6.492635250091552734e+00
7.106851100921630859e+00 7.159742355346679688e+00
6.503693103790283203e+00 6.561053276062011719e+00
2.417022228240966797e+00 2.370414257049560547e+00
5.406909942626953125e+00 5.362361907958984375e+00
6.844168186187744141e+00 6.805486202239990234e+00
7.309937477111816406e+00 7.269688606262207031e+00
3.291388750076293945e+00 3.315394401550292969e+00
1.917597413063049316e+00 1.930276870727539062e+00
2.373359680175781250e+00 2.386911392211914062e+00
1.709648847579956055e+00 1.742084264755249023e+00
3.735633134841918945e+00 3.678340435028076172e+00
3.895884752273559570e+00 3.890271663665771484e+00
2.625624895095825195e+00 2.597741603851318359e+00
2.913727045059204102e+00 2.922674655914306641e+00
7.948949337005615234e+00 7.924036502838134766e+00
4.678987503051757812e+00 4.686331748962402344e+00
6.277321815490722656e+00 6.237176418304443359e+00
5.011088371276855469e+00 4.986566543579101562e+00
