2.599999904632568359e-01 6.968975663185119629e-01 2.000000000000000000e+00 5.132946014404296875e+01 1.501515808105468750e+02
5.000000000000000000e-01 1.103810667991638184e+00 1.600000023841857910e+00 1.509689998626708984e+01 3.627901458740234375e+01
7.999999821186065674e-02 4.614961445331573486e-01 1.600000023841857910e+00 4.831008148193359375e+01 2.864870910644531250e+02
1.980837248265743256e-02 1.117318034172058105e+00 1.892399787902832031e+00 2.792926406860351562e+01 1.428809692382812500e+03
1.233483925461769104e-01 3.291554152965545654e-01 2.541108846664428711e+00 5.459038925170898438e+01 2.006954498291015625e+02
3.600000143051147461e-01 7.019108533859252930e-01 1.600000023841857910e+00 3.019380092620849609e+00 6.431500434875488281e+00
2.599999904632568359e-01 6.369448900222778320e-01 2.400000095367431641e+00 7.850388336181640625e+01 2.177367858886718750e+02
4.699999988079071045e-01 1.030234932899475098e+00 1.200000047683715820e+00 5.132946014404296875e+01 1.060975494384765625e+02
2.000000029802322388e-01 5.747048258781433105e-01 2.799999952316284180e+00 9.058139801025390625e+01 2.791106262207031250e+02
3.400000035762786865e-01 9.804126620292663574e-01 1.200000047683715820e+00 7.850388336181640625e+01 2.132403411865234375e+02
2.399999946355819702e-01 9.162175655364990234e-01 1.600000023841857910e+00 5.132946014404296875e+01 1.976182861328125000e+02
4.799999892711639404e-01 9.975675344467163086e-01 2.000000000000000000e+00 5.132946014404296875e+01 1.168624343872070312e+02
3.899999856948852539e-01 7.132078409194946289e-01 2.400000095367431641e+00 6.944573974609375000e+01 1.573296813964843750e+02
4.699999988079071045e-01 9.048038721084594727e-01 3.200000047683715820e+00 4.529069900512695312e+01 1.043526458740234375e+02
1.599999964237213135e-01 5.857210755348205566e-01 1.600000023841857910e+00 8.152326202392578125e+01 3.086365966796875000e+02
4.000000059604644775e-01 7.392113208770751953e-01 3.200000047683715820e+00 9.058139801025390625e+00 2.114274024963378906e+01
3.700000047683715820e-01 1.047492980957031250e+00 2.000000000000000000e+00 3.623255920410156250e+01 1.074992980957031250e+02
1.400000005960464478e-01 4.801948964595794678e-01 3.599999904632568359e+00 6.340697860717773438e+01 2.276322631835937500e+02
7.999999821186065674e-02 4.056092202663421631e-01 1.600000023841857910e+00 4.227132034301757812e+01 2.104734954833984375e+02
2.999999932944774628e-02 5.943313241004943848e-01 2.400000095367431641e+00 3.019379997253417969e+01 6.635964965820312500e+02
1.500000059604644775e-01 4.976789653301239014e-01 3.200000047683715820e+00 8.454264068603515625e+01 2.879194641113281250e+02
1.599999964237213135e-01 8.111327290534973145e-01 3.599999904632568359e+00 3.019380092620849609e+00 1.500824642181396484e+01
2.360581308603286743e-01 3.670220077037811279e-01 2.190139532089233398e+00 6.630558776855468750e+01 1.852204437255859375e+02
2.800000011920928955e-01 8.790659308433532715e-01 2.000000000000000000e+00 5.736822128295898438e+01 1.891312255859375000e+02
4.300000071525573730e-01 7.419267892837524414e-01 2.799999952316284180e+00 5.736822128295898438e+01 1.626305389404296875e+02
1.408142298460006714e-01 5.279653668403625488e-01 2.248702526092529297e+00 8.549374389648437500e+01 5.282273925781250000e+03
2.700000107288360596e-01 8.296539783477783203e-01 2.400000095367431641e+00 5.434883880615234375e+01 1.751149139404296875e+02
4.300000071525573730e-01 9.253901243209838867e-01 3.599999904632568359e+00 6.038759994506835938e+01 1.624250488281250000e+02
7.999999821186065674e-02 5.888134241104125977e-01 1.200000047683715820e+00 7.246511840820312500e+01 5.288788452148437500e+02
3.100000023841857910e-01 8.304420709609985352e-01 3.200000047683715820e+00 5.736822128295898438e+01 1.672792816162109375e+02
7.951089739799499512e-02 6.844804286956787109e-01 1.593350291252136230e+00 3.310750198364257812e+01 2.936641540527343750e+02
1.199999973177909851e-01 8.082645535469055176e-01 2.000000000000000000e+00 5.434883880615234375e+01 9.792513427734375000e+02
5.000000074505805969e-02 5.366556048393249512e-01 3.200000047683715820e+00 4.529069900512695312e+01 5.597980957031250000e+02
2.399999946355819702e-01 5.633993744850158691e-01 3.599999904632568359e+00 3.623255920410156250e+01 1.094534835815429688e+02
5.999999865889549255e-02 7.321880459785461426e-01 1.600000023841857910e+00 6.642636108398437500e+01 8.080014038085937500e+02
3.199999928474426270e-01 6.540794968605041504e-01 2.400000095367431641e+00 3.019379997253417969e+01 7.246575927734375000e+01
1.800000071525573730e-01 7.608144283294677734e-01 2.799999952316284180e+00 5.736822128295898438e+01 2.470731964111328125e+02
3.100000023841857910e-01 9.641507863998413086e-01 2.400000095367431641e+00 5.434883880615234375e+01 1.777336578369140625e+02
3.000000119209289551e-01 7.677716612815856934e-01 2.000000000000000000e+00 4.529069900512695312e+01 1.248322677612304688e+02
2.143991738557815552e-01 8.083234429359436035e-01 2.561494827270507812e+00 6.718120574951171875e+01 3.138913879394531250e+02
1.800000071525573730e-01 8.747923374176025391e-01 2.799999952316284180e+00 4.227132034301757812e+01 2.094946441650390625e+02
2.399999946355819702e-01 8.846475481986999512e-01 1.600000023841857910e+00 4.831008148193359375e+01 1.797451019287109375e+02
3.700000047683715820e-01 7.970282435417175293e-01 3.599999904632568359e+00 5.736822128295898438e+01 1.478375396728515625e+02
1.199999973177909851e-01 7.169493436813354492e-01 3.599999904632568359e+00 5.736822128295898438e+01 3.481548767089843750e+02
1.647637933492660522e-01 8.444710373878479004e-01 2.774170637130737305e+00 5.347322082519531250e+01 3.121114196777343750e+02
4.099999964237213135e-01 7.966112494468688965e-01 1.600000023841857910e+00 7.246511840820312500e+01 1.509260101318359375e+02
3.799999952316284180e-01 8.868681788444519043e-01 2.799999952316284180e+00 8.454264068603515625e+01 2.238946838378906250e+02
9.000000357627868652e-02 4.349692165851593018e-01 1.200000047683715820e+00 4.529069900512695312e+01 2.245499420166015625e+02
4.600000083446502686e-01 1.013867974281311035e+00 2.400000095367431641e+00 9.058139801025390625e+00 2.168056869506835938e+01
1.299999952316284180e-01 6.923147439956665039e-01 3.599999904632568359e+00 6.038759994506835938e+01 3.325068054199218750e+02
1.099999994039535522e-01 7.850126624107360840e-01 2.400000095367431641e+00 2.717441940307617188e+01 1.976181640625000000e+02
3.199999928474426270e-01 7.175236940383911133e-01 2.400000095367431641e+00 7.246511840820312500e+01 1.865743103027343750e+02
2.800000011920928955e-01 6.760556697845458984e-01 2.000000000000000000e+00 9.058139801025390625e+00 2.364039230346679688e+01
3.300000131130218506e-01 7.921043634414672852e-01 3.200000047683715820e+00 2.717441940307617188e+01 7.078944396972656250e+01
4.000000059604644775e-01 9.199647307395935059e-01 3.599999904632568359e+00 1.207752037048339844e+01 3.012371444702148438e+01
7.000000029802322388e-02 5.871942043304443359e-01 2.400000095367431641e+00 2.415504074096679688e+01 2.000991973876953125e+02
3.899999856948852539e-01 9.935619235038757324e-01 1.600000023841857910e+00 1.509689998626708984e+01 3.957496261596679688e+01
4.499999880790710449e-01 7.813801169395446777e-01 3.200000047683715820e+00 3.019379997253417969e+01 6.437918853759765625e+01
2.000000029802322388e-01 8.541979193687438965e-01 2.400000095367431641e+00 6.944573974609375000e+01 3.027568969726562500e+02
2.599999904632568359e-01 9.250147342681884766e-01 3.200000047683715820e+00 7.850388336181640625e+01 2.870645141601562500e+02
3.100000023841857910e-01 9.246389865875244141e-01 3.599999904632568359e+00 6.642636108398437500e+01 2.071864318847656250e+02
4.000000059604644775e-01 9.549217224121093750e-01 2.799999952316284180e+00 2.113566017150878906e+01 5.421227645874023438e+01
3.199999928474426270e-01 7.595590353012084961e-01 3.599999904632568359e+00 6.944573974609375000e+01 1.850623321533203125e+02
2.500000000000000000e-01 8.949232101440429688e-01 2.799999952316284180e+00 1.509689998626708984e+01 5.535955047607421875e+01
4.399999976158142090e-01 1.089100599288940430e+00 3.200000047683715820e+00 6.944573974609375000e+01 1.842671813964843750e+02
1.800000071525573730e-01 6.863467097282409668e-01 3.599999904632568359e+00 8.454264068603515625e+01 3.311722717285156250e+02
3.100000023841857910e-01 6.937203407287597656e-01 3.599999904632568359e+00 6.038759994506835938e+01 1.541452941894531250e+02
3.600000143051147461e-01 9.150813817977905273e-01 1.200000047683715820e+00 4.227132034301757812e+01 1.035941543579101562e+02
1.400000005960464478e-01 4.521761238574981689e-01 1.200000047683715820e+00 5.132946014404296875e+01 1.828729095458984375e+02
4.499999880790710449e-01 8.697120547294616699e-01 2.799999952316284180e+00 5.736822128295898438e+01 1.318576507568359375e+02
2.999999932944774628e-02 4.203426837921142578e-01 2.799999952316284180e+00 5.132946014404296875e+01 7.456783447265625000e+02
1.099999994039535522e-01 5.937432050704956055e-01 1.200000047683715820e+00 5.132946014404296875e+01 2.782047424316406250e+02
7.999999821186065674e-02 5.690035820007324219e-01 2.400000095367431641e+00 6.340697860717773438e+01 4.512764892578125000e+02
4.000000059604644775e-01 9.869256019592285156e-01 2.799999952316284180e+00 3.925194168090820312e+01 1.033988571166992188e+02
5.999999865889549255e-02 5.787939429283142090e-01 3.599999904632568359e+00 6.944573974609375000e+01 6.490371704101562500e+02
7.000000029802322388e-02 5.601766705513000488e-01 2.400000095367431641e+00 5.434883880615234375e+01 4.305409240722656250e+02
1.899999976158142090e-01 6.698473691940307617e-01 2.400000095367431641e+00 9.058139801025390625e+01 3.419238891601562500e+02
1.899999976158142090e-01 8.002700209617614746e-01 2.400000095367431641e+00 5.434883880615234375e+01 2.366877746582031250e+02
1.800000071525573730e-01 5.840888619422912598e-01 1.200000047683715820e+00 2.717441940307617188e+01 9.376091003417968750e+01
4.000000059604644775e-01 8.111996054649353027e-01 2.000000000000000000e+00 4.529069900512695312e+01 1.002259140014648438e+02
1.700000017881393433e-01 5.541613698005676270e-01 1.200000047683715820e+00 1.811627960205078125e+01 6.301254272460937500e+01
7.000000029802322388e-02 6.887255311012268066e-01 3.200000047683715820e+00 6.944573974609375000e+01 7.138567504882812500e+02
2.000000029802322388e-01 8.038111925125122070e-01 1.600000023841857910e+00 7.548449707031250000e+01 3.134791564941406250e+02
4.900000095367431641e-01 9.687153100967407227e-01 2.799999952316284180e+00 2.415504074096679688e+01 5.775709533691406250e+01
5.000000074505805969e-02 6.625857949256896973e-01 2.799999952316284180e+00 8.756201934814453125e+01 1.159486816406250000e+03
4.600000083446502686e-01 7.940242886543273926e-01 2.400000095367431641e+00 4.227132034301757812e+01 9.027629852294921875e+01
2.500000000000000000e-01 5.878515243530273438e-01 2.799999952316284180e+00 4.529069900512695312e+01 1.131156692504882812e+02
2.899999916553497314e-01 9.641558527946472168e-01 3.200000047683715820e+00 4.227132034301757812e+01 1.502008361816406250e+02
2.399999946355819702e-01 8.567921519279479980e-01 3.599999904632568359e+00 3.925194168090820312e+01 1.437141418457031250e+02
2.300000041723251343e-01 9.215535521507263184e-01 1.200000047683715820e+00 4.831008148193359375e+01 1.865085906982421875e+02
1.899999976158142090e-01 5.305237770080566406e-01 2.799999952316284180e+00 5.434883880615234375e+01 1.641253509521484375e+02
2.999999932944774628e-02 4.739286303520202637e-01 2.000000000000000000e+00 2.113566017150878906e+01 3.500366821289062500e+02
3.400000035762786865e-01 1.015841841697692871e+00 2.799999952316284180e+00 6.944573974609375000e+01 2.180545806884765625e+02
2.999999932944774628e-02 4.256477653980255127e-01 1.600000023841857910e+00 1.509689998626708984e+01 2.178934478759765625e+02
1.988058239221572876e-01 4.980307221412658691e-01 2.060770988464355469e+00 8.559942245483398438e+00 3.067757987976074219e+01
1.899999976158142090e-01 7.400842905044555664e-01 3.200000047683715820e+00 7.246511840820312500e+01 2.846430358886718750e+02
2.985297441482543945e-01 3.583001196384429932e-01 3.259590387344360352e+00 7.439752197265625000e+01 1.857059326171875000e+02
4.699999988079071045e-01 1.061214566230773926e+00 2.799999952316284180e+00 6.038759994506835938e+01 1.583233032226562500e+02
4.699999988079071045e-01 1.056042790412902832e+00 2.400000095367431641e+00 6.038760185241699219e+00 1.550125408172607422e+01
9.999999776482582092e-03 3.916384875774383545e-01 2.000000000000000000e+00 4.227132034301757812e+01 1.693977172851562500e+03
