Iteration	Y	var_1	var_2	var_3	var_4
1.0	16.863131	230.96910524767762	73.05725467477227	32.637822869657164	7.389941304689173
2.0	7.1074785999999985	167.0149016079458	354.03829470789566	16.444507036850528	22.46923553272636
3.0	1100.0	372.59776064844635	409.4338612608569	14.291254997555125	48.561350830572316
4.0	8.2029694	469.26608413846986	162.05127645347562	22.68885168243227	13.623625057709756
5.0	7.5725723	552.3903522825701	162.4987130039365	15.966291503373585	21.660759924272188
6.0	8.484207000000001	471.6592712301369	152.17750442992383	13.426859376292054	17.242396340816214
7.0	7.1845012000000015	163.931019565987	345.358958385025	8.349193240325564	26.763786896487733
8.0	7.0414363	165.17657580552668	364.12702675132806	17.39290212629427	19.48056315552275
9.0	49.885219	0.0	260.20682472042785	50.0	1.0
10.0	48.019044	0.0	573.0	50.0	1.0
11.0	50.236028999999995	10.0	10.0	10.0	50.0
12.0	16.583054	573.0	10.0	50.0	1.0
13.0	18.907235	382.7296123526258	10.0	50.0	50.0
14.0	1100.0	10.0	414.1057786678353	50.0	50.0
15.0	10.594582	88.4118651628121	159.04970701436153	10.0	1.0
16.0	7.288497	163.494089723415	363.5061537054789	20.861584523278914	31.00173735968185
17.0	8.6369969	457.5866390316087	152.45693249803836	22.25516928833195	10.228807951805386
18.0	6.0898994	160.48150405480845	573.0	10.0	1.0
19.0	19.080601	140.9588111746811	10.0	50.0	50.0
20.0	11.797002	573.0	573.0	50.0	1.0
21.0	7.3131243	165.9978589820516	364.7919655051396	20.613668133171227	32.28290454877572
22.0	8.376318099999999	202.2959531697805	194.19053739330658	50.0	50.0
23.0	31.510164000000003	10.0	145.2522892770591	50.0	50.0
24.0	9.172179400000001	573.0	300.19491022049783	50.0	1.0
25.0	8.3399503	325.1730593227427	133.78322369112692	10.0	50.0
26.0	17.054660000000002	492.4251948946237	10.0	10.0	50.0
27.0	17.699855	307.65083708670096	10.0	10.0	1.0
28.0	7.0896431	573.0	444.7424267379932	50.0	1.0
29.0	9.3420293	99.59461119157385	229.4406746332592	50.0	50.0
30.0	11.013187	518.1720798821765	95.46478567724589	50.0	50.0
31.0	19.673094	58.269989812118816	10.0	50.0	1.0
32.0	8.2214397	573.0	522.1161456542402	10.0	50.0
33.0	18.434234	454.7059756704123	10.0	50.0	1.0
34.0	10.874866	113.52113900686649	573.0	50.0	50.0
35.0	7.8462548	74.52484598227484	573.0	10.0	1.0
36.0	42.723762	10.0	195.60101454966642	10.0	1.0
37.0	7.2043658	573.0	230.25552582050582	50.0	50.0
38.0	11.354915	156.79056507530495	107.3176470521846	10.0	50.0
39.0	14.751603	341.84230031772097	95.8049696936178	50.0	1.0
40.0	1100.0	573.0	360.78536571965515	10.0	50.0
41.0	6.4056657	279.8305470127559	573.0	50.0	1.0
42.0	6.3700132000000025	449.1676853280546	573.0	50.0	1.0
43.0	7.7435894	259.2443684089056	196.72444201641488	10.0	1.0
44.0	6.0613240999999976	532.7832824519902	509.76929876689667	50.0	1.0
45.0	7.0091285	190.11994747536582	490.3005223717078	50.0	1.0
46.0	7.8347505	155.271067804912	234.94779475692462	10.0	1.0
47.0	7.234819	573.0	215.78272665029903	50.0	1.0
48.0	9.3627779	231.71641057508518	573.0	10.0	50.0
49.0	17.765949	258.56385306078397	10.0	50.0	50.0
50.0	17.468857999999994	165.30408430276032	10.0	10.0	1.0
51.0	15.130370999999998	126.89965966389349	98.9641300645039	50.0	1.0
52.0	9.1998418	507.44379003215613	573.0	10.0	50.0
53.0	15.717222	573.0	66.43891891856254	10.0	50.0
54.0	7.8814716	351.54096359922966	202.7247632530581	50.0	1.0
55.0	36.688071	10.0	82.77961316937632	50.0	1.0
56.0	9.3537212	364.73356742506036	573.0	50.0	50.0
57.0	10.00643	200.5161631616749	573.0	50.0	50.0
58.0	8.3341353	408.22917271252817	152.58161285431362	50.0	50.0
59.0	7.1498137	368.5321852454782	573.0	10.0	1.0
60.0	9.8350706	269.5556275608648	153.42853833314553	50.0	1.0
61.0	5.0737555	573.0	527.1994389899306	10.0	1.0
62.0	16.513461	523.3466478207041	65.78892945146062	10.0	1.0
63.0	8.889387199999998	573.0	553.1386914875868	50.0	50.0
64.0	16.338099	73.41593270033844	70.38684018295191	10.0	50.0
65.0	16.158547	404.35471691465295	65.07783851988074	10.0	50.0
66.0	9.411367599999998	65.46439582565564	213.46095765412082	50.0	1.0
67.0	7.0075421	508.26556370229684	251.37353195705654	50.0	1.0
68.0	8.8531074	171.97649861544494	497.17879669802215	10.0	50.0
69.0	7.793866900000001	220.80295948405404	262.7364527271606	50.0	1.0
70.0	7.886362599999999	573.0	148.6052826063238	50.0	50.0
71.0	16.616059	280.24027557980946	58.85471306924733	10.0	50.0
72.0	7.7255117	189.49407687757443	257.10142359923316	10.0	50.0
73.0	7.4425338000000005	106.05938520116443	573.0	50.0	1.0
74.0	8.839072	362.8840474493143	150.9261504367351	10.0	1.0
75.0	5.7222567	573.0	499.5478204105505	50.0	1.0
76.0	7.5624909	515.2175030793435	184.1480379354244	50.0	50.0
77.0	10.246743	101.55275557657885	144.32607967885212	50.0	50.0
78.0	8.3122093	137.64256498528292	284.8819695367833	50.0	1.0
79.0	7.948746799999999	289.30683022880953	203.70503688000213	50.0	50.0
80.0	10.381655	53.510562535941325	226.44929442971463	10.0	50.0
81.0	18.671347	81.92879733755342	10.0	10.0	1.0
82.0	6.4456232	167.96550327390582	461.8332803156347	10.0	1.0
83.0	17.404089000000006	573.0	10.0	50.0	50.0
84.0	9.151622300000001	573.0	573.0	10.0	50.0
85.0	18.878598999999998	400.4262554743275	10.0	10.0	1.0
86.0	9.5698055	188.63385519989285	145.60103993703947	10.0	1.0
87.0	8.439701600000001	128.85909905883156	192.137351450217	10.0	50.0
88.0	5.9755814	221.33502789052747	519.7335710645261	10.0	1.0
89.0	5.0619831	510.64376257794686	573.0	10.0	1.0
90.0	17.409024	215.6985984873164	10.0	50.0	1.0
91.0	18.596227	211.4972963246423	10.0	10.0	50.0
92.0	8.2613648	243.14353656129532	144.7825472346486	10.0	50.0
93.0	8.952872300000003	313.25438285170503	573.0	10.0	50.0
94.0	10.135847	507.11477992483367	141.62480675174706	50.0	1.0
95.0	9.0978581	76.38939728534675	264.3750376801022	10.0	1.0
96.0	16.749315	573.0	10.0	10.0	1.0
97.0	10.101021	303.8900380171545	118.9387224209631	50.0	50.0
98.0	8.4838562	174.8380145624786	288.97054465439027	50.0	50.0
99.0	1100.0	195.06356111107502	449.1062798451802	50.0	50.0
100.0	6.499606	138.99270991544265	512.5073481610503	10.0	1.0
101.0	6.7610098	183.27454351344662	540.2214978889048	50.0	1.0
102.0	7.145421799999999	395.8283297764222	217.49927178711175	10.0	50.0
103.0	9.4013292	158.2561437399667	553.4277379381673	10.0	50.0
104.0	7.269854	424.73590868831735	235.23421124878163	50.0	1.0
105.0	44.189331	10.0	573.0	10.0	50.0
106.0	6.9606478	313.8844048359261	256.9617770725785	10.0	1.0
107.0	16.506149	429.4397832309065	79.56332816652699	50.0	1.0
108.0	8.8483827	423.6280375657886	573.0	10.0	50.0
109.0	7.4144263	265.77834531589036	261.3464352144519	10.0	50.0
110.0	9.598096	147.15463924620101	187.02953408754684	50.0	1.0
