# Force coefficients
# dragDir       : (1.00000000e+00 0.00000000e+00 0.00000000e+00)
# sideDir       : (0.00000000e+00 0.00000000e+00 -1.00000000e+00)
# liftDir       : (0.00000000e+00 1.00000000e+00 0.00000000e+00)
# rollAxis      : (1.00000000e+00 0.00000000e+00 0.00000000e+00)
# pitchAxis     : (0.00000000e+00 0.00000000e+00 -1.00000000e+00)
# yawAxis       : (0.00000000e+00 1.00000000e+00 0.00000000e+00)
# magUInf       : 2.00000000e+00
# lRef          : 1.50000000e+00
# Aref          : 1.76641672e-02
# CofR          : (0.00000000e+00 0.00000000e+00 0.00000000e+00)
#
# Time          	Cd              	Cs              	Cl              	CmRoll          	CmPitch         	CmYaw           	Cd(f)           	Cd(r)           	Cs(f)           	Cs(r)           	Cl(f)           	Cl(r)           
1               	9.69017141e+00	1.38073289e-02	-1.51866286e-03	1.28998327e-07	-1.05390575e-03	-4.99182959e-03	4.84508584e+00	4.84508558e+00	1.91183488e-03	1.18954941e-02	-1.81323718e-03	2.94574315e-04
2               	8.68534477e+00	1.33698105e-02	-3.08501785e-03	9.73296898e-08	-1.58210078e-03	-4.76364220e-03	4.34267248e+00	4.34267229e+00	1.92126305e-03	1.14485475e-02	-3.12460970e-03	3.95918536e-05
3               	2.45574342e+00	3.79602704e-03	-2.40163719e-03	-4.21448764e-08	-1.05760920e-03	-1.15248126e-03	1.22787167e+00	1.22787175e+00	7.45532264e-04	3.05049478e-03	-2.25842780e-03	-1.43209394e-04
4               	-3.11893930e+00	-5.26644465e-03	-2.28210770e-04	-2.06082916e-07	5.76498821e-05	2.16241316e-03	-1.55946986e+00	-1.55946944e+00	-4.70809161e-04	-4.79563549e-03	-5.64555029e-05	-1.71755267e-04
5               	-4.71386974e+00	-7.55038229e-03	2.45659766e-03	-1.36955174e-07	1.13002257e-03	2.60887200e-03	-2.35693501e+00	-2.35693474e+00	-1.16631915e-03	-6.38406315e-03	2.35832140e-03	9.82762612e-05
6               	-2.34346559e+00	-3.30950500e-03	3.30713654e-03	-3.57562633e-08	1.32374877e-03	7.43377840e-04	-1.17173283e+00	-1.17173276e+00	-9.11374660e-04	-2.39813034e-03	2.97731704e-03	3.29819500e-04
7               	9.59105016e-01	2.90940609e-03	9.97387714e-04	-2.23970083e-08	9.04082765e-04	-1.22371244e-03	4.79552486e-01	4.79552531e-01	2.30990602e-04	2.67841548e-03	1.40277662e-03	-4.05388908e-04
8               	2.92902431e+00	6.99384738e-03	-1.81673618e-03	-2.25599402e-08	-1.66457227e-04	-1.26696722e-03	1.46451213e+00	1.46451218e+00	2.22995647e-03	4.76389092e-03	-1.07482532e-03	-7.41910865e-04
9               	2.66553479e+00	4.15763437e-03	-2.76066430e-03	-1.09842209e-07	-1.09694009e-03	-6.63299014e-04	1.33276729e+00	1.33276751e+00	1.41551817e-03	2.74211620e-03	-2.47727224e-03	-2.83392058e-04
10              	9.10670841e-01	-1.28896485e-03	-5.41333621e-04	-1.46326311e-07	-1.41165218e-03	6.88668702e-06	4.55335274e-01	4.55335567e-01	-6.37595740e-04	-6.51369114e-04	-1.68231899e-03	1.14098537e-03
11              	-5.88950032e-01	-3.01875060e-03	2.08906241e-03	-4.11490168e-08	-8.81419203e-04	8.70359984e-04	-2.94475057e-01	-2.94474975e-01	-6.39015317e-04	-2.37973529e-03	1.63112003e-04	1.92595041e-03
12              	-9.80461591e-01	-2.96654872e-03	4.17548573e-03	-4.38301701e-07	-3.30385731e-04	4.49660957e-04	-4.90231234e-01	-4.90230357e-01	-1.03361340e-03	-1.93293532e-03	1.75735714e-03	2.41812860e-03
13              	-3.63664527e-01	-1.08155049e-03	4.67142873e-03	-2.12747727e-07	-3.76631228e-04	-2.69034262e-04	-1.81832476e-01	-1.81832051e-01	-8.09809507e-04	-2.71740982e-04	1.95908314e-03	2.71234560e-03
14              	5.22410105e-01	8.86456980e-04	3.13691948e-03	-3.02190337e-07	-6.60289215e-04	-5.92682435e-04	2.61204750e-01	2.61205355e-01	-1.49453945e-04	1.03591092e-03	9.08170523e-04	2.22874895e-03
15              	1.02375336e+00	1.26839036e-03	6.29408854e-04	-2.90539280e-07	-7.94792406e-04	-3.91719957e-04	5.11876390e-01	5.11876971e-01	2.42475224e-04	1.02591514e-03	-4.80087979e-04	1.10949683e-03
16              	9.45998883e-01	2.38143235e-04	-6.22540893e-04	-2.43202768e-07	-8.42088561e-04	2.26922934e-05	4.72999198e-01	4.72999685e-01	1.41763911e-04	9.63793239e-05	-1.15335901e-03	5.30818114e-04
17              	5.06436007e-01	-8.78761626e-04	3.68228163e-04	-2.20689108e-07	-9.04489717e-04	3.19352814e-04	2.53217783e-01	2.53218224e-01	-1.20028000e-04	-7.58733627e-04	-7.20375636e-04	1.08860380e-03
18              	1.27899925e-01	-1.30560500e-03	2.30626213e-03	-2.00844476e-07	-9.50677290e-04	3.29027077e-04	6.39497617e-02	6.39501634e-02	-3.23775423e-04	-9.81829578e-04	2.02453774e-04	2.10380835e-03
19              	4.84292752e-02	-9.75779006e-04	3.48545114e-03	-1.74627003e-07	-8.72809538e-04	9.38560319e-05	2.42144630e-02	2.42148122e-02	-3.94033471e-04	-5.81745535e-04	8.69916035e-04	2.61553511e-03
20              	2.37443535e-01	-3.45099333e-04	3.19410062e-03	-1.35666303e-07	-7.34769606e-04	-8.54431916e-05	1.18721632e-01	1.18721903e-01	-2.57992858e-04	-8.71064751e-05	8.62280703e-04	2.33181991e-03
21              	5.00225781e-01	-3.58251808e-05	2.08629240e-03	-1.03337436e-07	-6.68767306e-04	-1.50523281e-04	2.50112787e-01	2.50112994e-01	-1.68435872e-04	1.32610691e-04	3.74378893e-04	1.71191350e-03
22              	6.48080571e-01	-1.52431273e-04	1.25273492e-03	-8.74714152e-08	-7.34620162e-04	-1.09235591e-04	3.24040198e-01	3.24040373e-01	-1.85451227e-04	3.30199543e-05	-1.08252704e-04	1.36098762e-03
23              	6.23705877e-01	-5.57165063e-04	1.25705643e-03	-8.31960431e-08	-8.53741865e-04	-5.82984575e-05	3.11852855e-01	3.11853021e-01	-3.36880989e-04	-2.20284074e-04	-2.25213650e-04	1.48227008e-03
24              	5.08248235e-01	-8.27855773e-04	1.99205697e-03	-9.27889833e-08	-9.58628794e-04	-4.56800247e-05	2.54124025e-01	2.54124210e-01	-4.59607911e-04	-3.68247862e-04	3.73996909e-05	1.95465728e-03
25              	4.15411854e-01	-9.11846857e-04	2.94462080e-03	-9.75225036e-08	-1.05561307e-03	-1.15459504e-04	2.07705829e-01	2.07706024e-01	-5.71382932e-04	-3.40463924e-04	4.16697332e-04	2.52792346e-03
26              	4.05683108e-01	-7.33095434e-04	3.50467566e-03	-1.07206896e-07	-1.11198442e-03	-1.72653551e-04	2.02841447e-01	2.02841661e-01	-5.39201269e-04	-1.93894166e-04	6.40353408e-04	2.86432225e-03
27              	4.60782717e-01	-5.05097199e-04	3.48758223e-03	-1.14447601e-07	-1.12318169e-03	-2.02550096e-04	2.30391244e-01	2.30391473e-01	-4.55098695e-04	-4.99985031e-05	6.20609425e-04	2.86697281e-03
28              	5.22365989e-01	-4.04004967e-04	3.25364473e-03	-1.19620049e-07	-1.15929647e-03	-1.96139459e-04	2.61182875e-01	2.61183114e-01	-3.98141942e-04	-5.86302487e-06	4.67525892e-04	2.78611884e-03
29              	5.44391637e-01	-4.82493360e-04	3.15094023e-03	-1.15317024e-07	-1.23898362e-03	-1.88629744e-04	2.72195703e-01	2.72195934e-01	-4.29876423e-04	-5.26169363e-05	3.36486495e-04	2.81445374e-03
30              	5.19367168e-01	-6.32324620e-04	3.42369781e-03	-1.05831900e-07	-1.37265634e-03	-2.02557675e-04	2.59683478e-01	2.59683690e-01	-5.18719985e-04	-1.13604635e-04	3.39192560e-04	3.08450525e-03
31              	4.71108947e-01	-7.48985183e-04	4.11764247e-03	-9.27026862e-08	-1.57161093e-03	-2.36561324e-04	2.35554381e-01	2.35554566e-01	-6.11053916e-04	-1.37931268e-04	4.87210303e-04	3.63043216e-03
32              	4.32422868e-01	-8.15778943e-04	4.78680831e-03	-8.21136618e-08	-1.74672479e-03	-2.75622807e-04	2.16211352e-01	2.16211516e-01	-6.83512279e-04	-1.32266664e-04	6.46679361e-04	4.14012894e-03
33              	4.18464966e-01	-8.38694960e-04	5.18858432e-03	-7.50058795e-08	-1.86402184e-03	-3.02192644e-04	2.09232408e-01	2.09232558e-01	-7.21540124e-04	-1.17154837e-04	7.30270324e-04	4.45831399e-03
34              	4.22798874e-01	-8.37534525e-04	5.40169828e-03	-7.27602361e-08	-1.96706299e-03	-3.07381382e-04	2.11399364e-01	2.11399510e-01	-7.26148644e-04	-1.11385880e-04	7.33786145e-04	4.66791213e-03
35              	4.29648775e-01	-8.64365114e-04	5.49056962e-03	-7.47305581e-08	-2.06108402e-03	-3.12696839e-04	2.14824313e-01	2.14824462e-01	-7.44879396e-04	-1.19485717e-04	6.84200785e-04	4.80636883e-03
36              	4.27967053e-01	-9.37029291e-04	5.66877900e-03	-7.81031629e-08	-2.17715928e-03	-3.35128028e-04	2.13983448e-01	2.13983605e-01	-8.03642674e-04	-1.33386618e-04	6.57230217e-04	5.01154879e-03
37              	4.17570831e-01	-1.06092238e-03	6.03325274e-03	-8.06121653e-08	-2.32997965e-03	-3.81866479e-04	2.08785335e-01	2.08785496e-01	-9.12327671e-04	-1.48594714e-04	6.86646723e-04	5.34660602e-03
38              	4.05175298e-01	-1.19604745e-03	6.45579590e-03	-7.97086098e-08	-2.47421894e-03	-4.40339482e-04	2.02587569e-01	2.02587729e-01	-1.03836321e-03	-1.57684242e-04	7.53679007e-04	5.70211689e-03
39              	3.97886190e-01	-1.31494041e-03	6.84425234e-03	-8.08491496e-08	-2.59980289e-03	-4.94150669e-04	1.98943014e-01	1.98943176e-01	-1.15162087e-03	-1.63319536e-04	8.22323277e-04	6.02192907e-03
40              	3.98698691e-01	-1.39106439e-03	7.18811514e-03	-7.86148683e-08	-2.72620085e-03	-5.25272650e-04	1.99349267e-01	1.99349424e-01	-1.22080485e-03	-1.70259544e-04	8.67856716e-04	6.32025842e-03
41              	4.04725083e-01	-1.42565476e-03	7.52604692e-03	-7.08933202e-08	-2.86983348e-03	-5.35646391e-04	2.02362471e-01	2.02362613e-01	-1.24847377e-03	-1.77180988e-04	8.93189985e-04	6.63285694e-03
42              	4.10411705e-01	-1.46621553e-03	7.87221583e-03	-6.33100892e-08	-3.02221565e-03	-5.50190684e-04	2.05205789e-01	2.05205916e-01	-1.28329845e-03	-1.82917081e-04	9.13892265e-04	6.95832357e-03
43              	4.11855203e-01	-1.54372981e-03	8.21984219e-03	-5.77025514e-08	-3.17025640e-03	-5.84008690e-04	2.05927544e-01	2.05927659e-01	-1.35587360e-03	-1.87856217e-04	9.39664693e-04	7.28017750e-03
44              	4.08824866e-01	-1.63503012e-03	8.57926416e-03	-5.26079726e-08	-3.31320599e-03	-6.27384309e-04	2.04412381e-01	2.04412486e-01	-1.44489937e-03	-1.90130753e-04	9.76426085e-04	7.60283807e-03
45              	4.03606395e-01	-1.69793278e-03	9.01054372e-03	-4.85239974e-08	-3.47418176e-03	-6.58534647e-04	2.01803149e-01	2.01803246e-01	-1.50750104e-03	-1.90431741e-04	1.03109010e-03	7.97945363e-03
46              	3.98500095e-01	-1.74399110e-03	9.48947677e-03	-4.45105975e-08	-3.65263732e-03	-6.78826801e-04	1.99250003e-01	1.99250092e-01	-1.55082235e-03	-1.93168747e-04	1.09210107e-03	8.39737570e-03
47              	3.94386179e-01	-1.79513152e-03	9.98694708e-03	-4.06002385e-08	-3.84339905e-03	-6.96322043e-04	1.97193049e-01	1.97193130e-01	-1.59388780e-03	-2.01243715e-04	1.15007449e-03	8.83687259e-03
48              	3.90852585e-01	-1.86230180e-03	1.04589865e-02	-4.01695766e-08	-4.02981009e-03	-7.19164122e-04	1.95426252e-01	1.95426333e-01	-1.65031502e-03	-2.11986779e-04	1.19968317e-03	9.25930335e-03
49              	3.87085006e-01	-1.94997234e-03	1.08928566e-02	-3.94935535e-08	-4.20441136e-03	-7.51555643e-04	1.93542464e-01	1.93542543e-01	-1.72654181e-03	-2.23430526e-04	1.24201696e-03	9.65083967e-03
50              	3.82704287e-01	-2.06252372e-03	1.13535064e-02	-3.70880615e-08	-4.38766434e-03	-7.96570358e-04	1.91352106e-01	1.91352181e-01	-1.82783222e-03	-2.34691500e-04	1.28908886e-03	1.00644175e-02
51              	3.77911770e-01	-2.19733572e-03	1.19071050e-02	-3.50050310e-08	-4.60363989e-03	-8.51015925e-04	1.88955850e-01	1.88955920e-01	-1.94968379e-03	-2.47651936e-04	1.34991261e-03	1.05571924e-02
52              	3.73295016e-01	-2.35515523e-03	1.25975296e-02	-3.30946914e-08	-4.86935976e-03	-9.13203513e-04	1.86647475e-01	1.86647541e-01	-2.09078113e-03	-2.64374101e-04	1.42940503e-03	1.11681246e-02
53              	3.69369902e-01	-2.53224357e-03	1.34025544e-02	-3.20524240e-08	-5.17916217e-03	-9.81358814e-04	1.84684919e-01	1.84684983e-01	-2.24748060e-03	-2.84762973e-04	1.52211503e-03	1.18804394e-02
54              	3.66300969e-01	-2.72782684e-03	1.42428970e-02	-3.20321789e-08	-5.50494121e-03	-1.05627354e-03	1.83150452e-01	1.83150516e-01	-2.42018696e-03	-3.07639877e-04	1.61650731e-03	1.26263897e-02
55              	3.63837517e-01	-2.94809637e-03	1.50773079e-02	-3.21031956e-08	-5.82994355e-03	-1.14087512e-03	1.81918727e-01	1.81918791e-01	-2.61492331e-03	-3.33173066e-04	1.70871041e-03	1.33685975e-02
56              	3.61618770e-01	-3.18790679e-03	1.59130215e-02	-3.25508884e-08	-6.15534607e-03	-1.23352877e-03	1.80809352e-01	1.80809417e-01	-2.82748217e-03	-3.60424622e-04	1.80116468e-03	1.41118568e-02
57              	3.59505635e-01	-3.44352680e-03	1.67896336e-02	-3.29497023e-08	-6.49504397e-03	-1.33261153e-03	1.79752784e-01	1.79752850e-01	-3.05437493e-03	-3.89151865e-04	1.89977281e-03	1.48898608e-02
58              	3.57544168e-01	-3.71369574e-03	1.77514410e-02	-3.30385392e-08	-6.86588338e-03	-1.43736065e-03	1.78772051e-01	1.78772117e-01	-3.29420853e-03	-4.19487217e-04	2.00983710e-03	1.57416039e-02
59              	3.55816289e-01	-3.99786062e-03	1.88032681e-02	-3.31668165e-08	-7.27043462e-03	-1.54722617e-03	1.77908111e-01	1.77908178e-01	-3.54615648e-03	-4.51704134e-04	2.13119941e-03	1.66720686e-02
60              	3.54339055e-01	-4.29503219e-03	1.99145242e-02	-3.23060250e-08	-7.69772307e-03	-1.66185409e-03	1.77169495e-01	1.77169560e-01	-3.80937018e-03	-4.85662011e-04	2.25953901e-03	1.76549851e-02
61              	3.53060086e-01	-4.60741020e-03	2.10634436e-02	-3.10306875e-08	-8.13943741e-03	-1.78264215e-03	1.76530012e-01	1.76530074e-01	-4.08634725e-03	-5.21062946e-04	2.39228438e-03	1.86711592e-02
62              	3.51909058e-01	-4.93343249e-03	2.22520876e-02	-2.91828987e-08	-8.59672182e-03	-1.90944971e-03	1.75954500e-01	1.75954558e-01	-4.37616595e-03	-5.57266540e-04	2.52932198e-03	1.97227656e-02
63              	3.50834000e-01	-5.27296624e-03	2.34948686e-02	-2.71405944e-08	-9.07467563e-03	-2.04213673e-03	1.75416973e-01	1.75417027e-01	-4.67861986e-03	-5.94346387e-04	2.67275867e-03	2.08221099e-02
64              	3.49794850e-01	-5.62958161e-03	2.48160178e-02	-2.50963887e-08	-9.58220479e-03	-2.18118209e-03	1.74897400e-01	1.74897450e-01	-4.99597290e-03	-6.33608710e-04	2.82580412e-03	2.19902137e-02
65              	3.48790461e-01	-6.00227277e-03	2.62245489e-02	-2.27984299e-08	-1.01227209e-02	-2.32560572e-03	1.74395208e-01	1.74395253e-01	-5.32674211e-03	-6.75530663e-04	2.98955352e-03	2.32349954e-02
66              	3.47833227e-01	-6.39530108e-03	2.77172511e-02	-2.11239278e-08	-1.06951211e-02	-2.47723108e-03	1.73916592e-01	1.73916635e-01	-5.67488162e-03	-7.20419455e-04	3.16350445e-03	2.45537467e-02
67              	3.46942447e-01	-6.80958528e-03	2.92893725e-02	-1.95214257e-08	-1.12976093e-02	-2.63691521e-03	1.73471204e-01	1.73471243e-01	-6.04170785e-03	-7.67877436e-04	3.34707698e-03	2.59422955e-02
68              	3.46140016e-01	-7.24202256e-03	3.09404985e-02	-1.77620125e-08	-1.19301577e-02	-2.80388639e-03	1.73069990e-01	1.73070026e-01	-6.42489767e-03	-8.17124888e-04	3.54009155e-03	2.74004069e-02
69              	3.45428044e-01	-7.69171552e-03	3.26758555e-02	-1.57498662e-08	-1.25949658e-02	-2.97792245e-03	1.72714006e-01	1.72714038e-01	-6.82378021e-03	-8.67935308e-04	3.74296199e-03	2.89328935e-02
70              	3.44793433e-01	-8.16423926e-03	3.45022502e-02	-1.54334458e-08	-1.32946761e-02	-3.16096210e-03	1.72396701e-01	1.72396732e-01	-7.24308173e-03	-9.21157530e-04	3.95644901e-03	3.05458012e-02
71              	3.44221859e-01	-8.65840980e-03	3.64251968e-02	-1.77500971e-08	-1.40312692e-02	-3.35218409e-03	1.72110912e-01	1.72110947e-01	-7.68138899e-03	-9.77020811e-04	4.18132918e-03	3.22438676e-02
72              	3.43687581e-01	-9.17552443e-03	3.84413084e-02	-1.97982217e-08	-1.48032915e-02	-3.55190947e-03	1.71843771e-01	1.71843811e-01	-8.13967168e-03	-1.03585275e-03	4.41736271e-03	3.40239457e-02
73              	3.43173388e-01	-9.71760125e-03	4.05489128e-02	-2.15206864e-08	-1.56103678e-02	-3.76082218e-03	1.71586672e-01	1.71586715e-01	-8.61962281e-03	-1.09797845e-03	4.66408861e-03	3.58848242e-02
74              	3.42676743e-01	-1.02839626e-02	4.27522444e-02	-2.35617047e-08	-1.64543430e-02	-3.97874513e-03	1.71338348e-01	1.71338395e-01	-9.12072642e-03	-1.16323615e-03	4.92177922e-03	3.78304652e-02
75              	3.42183974e-01	-1.08709382e-02	4.50546890e-02	-2.60991643e-08	-1.73363775e-02	-4.20453030e-03	1.71091961e-01	1.71092013e-01	-9.63999939e-03	-1.23093880e-03	5.19096703e-03	3.98637220e-02
76              	3.41689494e-01	-1.14822772e-02	4.74570848e-02	-2.85770644e-08	-1.82565073e-02	-4.43975332e-03	1.70844718e-01	1.70844776e-01	-1.01808919e-02	-1.30138529e-03	5.47203509e-03	4.19850497e-02
77              	3.41200608e-01	-1.21245123e-02	4.99594495e-02	-3.07119067e-08	-1.92146615e-02	-4.68700144e-03	1.70600273e-01	1.70600335e-01	-1.07492576e-02	-1.37525471e-03	5.76506329e-03	4.41943862e-02
78              	3.40727822e-01	-1.27980375e-02	5.25581790e-02	-3.20396652e-08	-2.02094689e-02	-4.94638413e-03	1.70363879e-01	1.70363943e-01	-1.13454029e-02	-1.45263464e-03	6.06962056e-03	4.64885584e-02
79              	3.40272962e-01	-1.34980866e-02	5.52509872e-02	-3.39120425e-08	-2.12402348e-02	-5.21591987e-03	1.70136447e-01	1.70136515e-01	-1.19649632e-02	-1.53312342e-03	6.38525880e-03	4.88657284e-02
80              	3.39826000e-01	-1.42237875e-02	5.80409469e-02	-3.70794699e-08	-2.23081719e-02	-5.49519246e-03	1.69912963e-01	1.69913037e-01	-1.26070862e-02	-1.61670128e-03	6.71230150e-03	5.13286454e-02
81              	3.39384043e-01	-1.49766131e-02	6.09348231e-02	-4.15212070e-08	-2.34159024e-02	-5.78483796e-03	1.69691980e-01	1.69692063e-01	-1.32731445e-02	-1.70346861e-03	7.05150911e-03	5.38833140e-02
82              	3.38955983e-01	-1.57617484e-02	6.39386905e-02	-4.72940713e-08	-2.45656737e-02	-6.08689751e-03	1.69477944e-01	1.69478039e-01	-1.39677717e-02	-1.79397670e-03	7.40367154e-03	5.65350190e-02
83              	3.38554205e-01	-1.65818243e-02	6.70586186e-02	-5.38664129e-08	-2.57598182e-02	-6.40251395e-03	1.69277049e-01	1.69277156e-01	-1.46934261e-02	-1.88839822e-03	7.76949111e-03	5.92891275e-02
84              	3.38187731e-01	-1.74392387e-02	7.02940735e-02	-5.96360612e-08	-2.69979174e-02	-6.73254071e-03	1.69093806e-01	1.69093925e-01	-1.54521601e-02	-1.98707864e-03	8.14911935e-03	6.21449542e-02
85              	3.37872455e-01	-1.83286744e-02	7.36425683e-02	-6.64103118e-08	-2.82788828e-02	-7.07497747e-03	1.68936161e-01	1.68936294e-01	-1.62393147e-02	-2.08935973e-03	8.54240138e-03	6.51001669e-02
86              	3.37613211e-01	-1.92428499e-02	7.71013709e-02	-7.32183386e-08	-2.96016436e-02	-7.42703254e-03	1.68806532e-01	1.68806679e-01	-1.70484575e-02	-2.19439239e-03	8.94904190e-03	6.81523290e-02
87              	3.37418771e-01	-2.01822997e-02	8.06769006e-02	-8.04480774e-08	-3.09686751e-02	-7.78876397e-03	1.68709305e-01	1.68709466e-01	-1.78799138e-02	-2.30238590e-03	9.36977519e-03	7.13071255e-02
88              	3.37292591e-01	-2.11495721e-02	8.43742327e-02	-8.87072288e-08	-3.23818543e-02	-8.16108327e-03	1.68646207e-01	1.68646384e-01	-1.87358693e-02	-2.41370278e-03	9.80526205e-03	7.45689706e-02
89              	3.37230328e-01	-2.21511031e-02	8.82045272e-02	-9.71047299e-08	-3.38454711e-02	-8.54656316e-03	1.68615067e-01	1.68615261e-01	-1.96221147e-02	-2.52898840e-03	1.02567926e-02	7.79477347e-02
90              	3.37237194e-01	-2.31858444e-02	9.21641071e-02	-1.05565177e-07	-3.53581150e-02	-8.94497433e-03	1.68618492e-01	1.68618703e-01	-2.05378966e-02	-2.64794789e-03	1.07239386e-02	8.14401685e-02
91              	3.37325516e-01	-2.42470816e-02	9.62469323e-02	-1.15394944e-07	-3.69175352e-02	-9.35375748e-03	1.68662643e-01	1.68662873e-01	-2.14772983e-02	-2.76978330e-03	1.12059310e-02	8.50410013e-02
92              	3.37512400e-01	-2.53329745e-02	1.00440196e-01	-1.26341215e-07	-3.85189181e-02	-9.77210728e-03	1.68756074e-01	1.68756326e-01	-2.24385945e-02	-2.89437996e-03	1.17011796e-02	8.87390159e-02
93              	3.37792475e-01	-2.64493413e-02	1.04747231e-01	-1.37418955e-07	-4.01634982e-02	-1.02021933e-02	1.68896100e-01	1.68896375e-01	-2.34268640e-02	-3.02247735e-03	1.22101175e-02	9.25371138e-02
94              	3.38153122e-01	-2.75991682e-02	1.09176886e-01	-1.47761247e-07	-4.18546036e-02	-1.06450604e-02	1.69076413e-01	1.69076709e-01	-2.44446445e-02	-3.15452372e-03	1.27338395e-02	9.64430467e-02
95              	3.38600263e-01	-2.87766767e-02	1.13723129e-01	-1.58181152e-07	-4.35898720e-02	-1.10984969e-02	1.69299973e-01	1.69300290e-01	-2.54868352e-02	-3.28984147e-03	1.32716923e-02	1.00451436e-01
96              	3.39140716e-01	-2.99757312e-02	1.18374504e-01	-1.68813516e-07	-4.53648568e-02	-1.15602173e-02	1.69570189e-01	1.69570527e-01	-2.65480829e-02	-3.42764829e-03	1.38223949e-02	1.04552109e-01
97              	3.39779779e-01	-3.11926223e-02	1.23113200e-01	-1.80439113e-07	-4.71728374e-02	-1.20288354e-02	1.69889709e-01	1.69890070e-01	-2.76251466e-02	-3.56747576e-03	1.43837625e-02	1.08729437e-01
98              	3.40539011e-01	-3.24300526e-02	1.27926292e-01	-1.93068114e-07	-4.90089253e-02	-1.25053082e-02	1.70269312e-01	1.70269698e-01	-2.87203345e-02	-3.70971810e-03	1.49542208e-02	1.12972071e-01
99              	3.41414122e-01	-3.36851404e-02	1.32809494e-01	-2.05923116e-07	-5.08713873e-02	-1.29884322e-02	1.70706855e-01	1.70707267e-01	-2.98310024e-02	-3.85413800e-03	1.55333595e-02	1.17276134e-01
100             	3.42393894e-01	-3.49558173e-02	1.37748749e-01	-2.19689443e-07	-5.27547307e-02	-1.34773737e-02	1.71196727e-01	1.71197166e-01	-3.09552824e-02	-4.00053496e-03	1.61196439e-02	1.21629105e-01
101             	3.43480523e-01	-3.62424026e-02	1.42727068e-01	-2.34775574e-07	-5.46521118e-02	-1.39722924e-02	1.71740027e-01	1.71740496e-01	-3.20934937e-02	-4.14890889e-03	1.67114221e-02	1.26015646e-01
102             	3.44681289e-01	-3.75401678e-02	1.47721717e-01	-2.51337971e-07	-5.65546364e-02	-1.44713404e-02	1.72340393e-01	1.72340896e-01	-3.32414244e-02	-4.29874347e-03	1.73062222e-02	1.30415495e-01
103             	3.45994875e-01	-3.88399247e-02	1.52709882e-01	-2.68957903e-07	-5.84535783e-02	-1.49708922e-02	1.72997168e-01	1.72997706e-01	-3.43908546e-02	-4.44907011e-03	1.79013628e-02	1.34808519e-01
104             	3.47390298e-01	-4.01339136e-02	1.57672690e-01	-2.87107423e-07	-6.03417968e-02	-1.54679282e-02	1.73694862e-01	1.73695436e-01	-3.55348850e-02	-4.59902861e-03	1.84945485e-02	1.39178142e-01
105             	3.48855023e-01	-4.14227325e-02	1.62590578e-01	-3.06543867e-07	-6.22116243e-02	-1.59625948e-02	1.74427205e-01	1.74427818e-01	-3.66739611e-02	-4.74877140e-03	1.90836648e-02	1.43506913e-01
106             	3.50394164e-01	-4.27141399e-02	1.67440779e-01	-3.27915275e-07	-6.40540494e-02	-1.64578580e-02	1.75196754e-01	1.75197410e-01	-3.78149280e-02	-4.89921191e-03	1.96663403e-02	1.47774439e-01
107             	3.52047437e-01	-4.39968689e-02	1.72187793e-01	-3.51419679e-07	-6.58552114e-02	-1.69493941e-02	1.76023367e-01	1.76024070e-01	-3.89478286e-02	-5.04904033e-03	2.02386850e-02	1.51949108e-01
108             	3.53806880e-01	-4.52602466e-02	1.76799445e-01	-3.76740633e-07	-6.76026564e-02	-1.74329512e-02	1.76903063e-01	1.76903817e-01	-4.00630745e-02	-5.19717207e-03	2.07970659e-02	1.56002379e-01
109             	3.55659278e-01	-4.64985020e-02	1.81244205e-01	-4.03962210e-07	-6.92843981e-02	-1.79061374e-02	1.77829235e-01	1.77830043e-01	-4.11553884e-02	-5.34311361e-03	2.13377041e-02	1.59906500e-01
110             	3.57620325e-01	-4.77054263e-02	1.85475304e-01	-4.32712581e-07	-7.08827269e-02	-1.83665579e-02	1.78809730e-01	1.78810595e-01	-4.22192711e-02	-5.48615528e-03	2.18549249e-02	1.63620379e-01
111             	3.59677718e-01	-4.88752253e-02	1.89450193e-01	-4.64184172e-07	-7.23812835e-02	-1.88119880e-02	1.79838395e-01	1.79839323e-01	-4.32496006e-02	-5.62562469e-03	2.23438131e-02	1.67106380e-01
112             	3.61841685e-01	-4.99865961e-02	1.93124991e-01	-4.98830192e-07	-7.37630681e-02	-1.92343129e-02	1.80920344e-01	1.80921341e-01	-4.42276110e-02	-5.75898510e-03	2.27994275e-02	1.70325564e-01
113             	3.64090883e-01	-5.10300800e-02	1.96468386e-01	-5.36142315e-07	-7.50158363e-02	-1.96298390e-02	1.82044905e-01	1.82045978e-01	-4.51448790e-02	-5.88520102e-03	2.32183568e-02	1.73250029e-01
114             	3.66428702e-01	-5.20044034e-02	1.99430248e-01	-5.76906913e-07	-7.61203852e-02	-1.99979216e-02	1.83213774e-01	1.83214928e-01	-4.60001233e-02	-6.00428012e-03	2.35947389e-02	1.75835509e-01
115             	3.68867616e-01	-5.29007148e-02	2.01956956e-01	-6.21277916e-07	-7.70563697e-02	-2.03350628e-02	1.84433186e-01	1.84434429e-01	-4.67854202e-02	-6.11529464e-03	2.39221082e-02	1.78034848e-01
116             	3.71394227e-01	-5.37042568e-02	2.04001981e-01	-6.68129945e-07	-7.78058894e-02	-2.06355771e-02	1.85696445e-01	1.85697782e-01	-4.74877055e-02	-6.21655133e-03	2.41951011e-02	1.79806880e-01
117             	3.73931828e-01	-5.43962540e-02	2.05533105e-01	-7.18947407e-07	-7.83567919e-02	-2.08922734e-02	1.86965195e-01	1.86966633e-01	-4.80904005e-02	-6.30585359e-03	2.44097604e-02	1.81123344e-01
118             	3.76408160e-01	-5.49605427e-02	2.06516028e-01	-7.74091917e-07	-7.86961229e-02	-2.10989856e-02	1.88203306e-01	1.88204854e-01	-4.85792570e-02	-6.38128574e-03	2.45618912e-02	1.81954137e-01
119             	3.78734738e-01	-5.53885412e-02	2.06919956e-01	-8.32642377e-07	-7.88123313e-02	-2.12523889e-02	1.89366536e-01	1.89368202e-01	-4.89466595e-02	-6.44188172e-03	2.46476469e-02	1.82272309e-01
120             	3.80896835e-01	-5.56646463e-02	2.06694499e-01	-8.95783850e-07	-7.86864316e-02	-2.13465013e-02	1.90447522e-01	1.90449313e-01	-4.91788245e-02	-6.48582183e-03	2.46608178e-02	1.82033681e-01
121             	3.82901763e-01	-5.57743450e-02	2.05802683e-01	-9.64815070e-07	-7.83043178e-02	-2.13758558e-02	1.91449917e-01	1.91451846e-01	-4.92630283e-02	-6.51131669e-03	2.45970236e-02	1.81205659e-01
122             	3.84738043e-01	-5.57122624e-02	2.04220311e-01	-1.03978366e-06	-7.76570504e-02	-2.13384677e-02	1.92367982e-01	1.92370061e-01	-4.91945989e-02	-6.51766353e-03	2.44531050e-02	1.79767206e-01
123             	3.86345358e-01	-5.54783303e-02	2.01944226e-01	-1.12027834e-06	-7.67437214e-02	-2.12344566e-02	1.93171559e-01	1.93173799e-01	-4.89736217e-02	-6.50470854e-03	2.42283916e-02	1.77715834e-01
124             	3.87682591e-01	-5.50778140e-02	1.98965995e-01	-1.20637558e-06	-7.55615865e-02	-2.10659786e-02	1.93840089e-01	1.93842502e-01	-4.86048856e-02	-6.47292842e-03	2.39214112e-02	1.75044584e-01
125             	3.88749633e-01	-5.45106316e-02	1.95267368e-01	-1.29866379e-06	-7.41043766e-02	-2.08331556e-02	1.94373518e-01	1.94376115e-01	-4.80884714e-02	-6.42216022e-03	2.35293073e-02	1.71738060e-01
126             	3.89569697e-01	-5.37692030e-02	1.90825955e-01	-1.39462868e-06	-7.23644772e-02	-2.05334241e-02	1.94783454e-01	1.94786243e-01	-4.74180256e-02	-6.35117742e-03	2.30485001e-02	1.67777455e-01
127             	3.90137351e-01	-5.28403975e-02	1.85614755e-01	-1.49357493e-06	-7.03324304e-02	-2.01622278e-02	1.95067182e-01	1.95070169e-01	-4.65824266e-02	-6.25797092e-03	2.24749471e-02	1.63139808e-01
128             	3.90469420e-01	-5.17121558e-02	1.79625476e-01	-1.59410404e-06	-6.80061059e-02	-1.97152759e-02	1.95233116e-01	1.95236304e-01	-4.55713538e-02	-6.14080201e-03	2.18066323e-02	1.57818844e-01
129             	3.90567239e-01	-5.03863477e-02	1.72865760e-01	-1.69457412e-06	-6.53895788e-02	-1.91936073e-02	1.95281925e-01	1.95285314e-01	-4.43867811e-02	-5.99956657e-03	2.10433011e-02	1.51822459e-01
130             	3.90375440e-01	-4.88749724e-02	1.65372573e-01	-1.79311152e-06	-6.24982484e-02	-1.86020875e-02	1.95185927e-01	1.95189513e-01	-4.30395738e-02	-5.83539869e-03	2.01880382e-02	1.45184535e-01
131             	3.89815112e-01	-4.71958939e-02	1.57219909e-01	-1.88839202e-06	-5.93613476e-02	-1.79478124e-02	1.94905668e-01	1.94909444e-01	-4.15457594e-02	-5.65013454e-03	1.92486069e-02	1.37971302e-01
132             	3.88815701e-01	-4.53644792e-02	1.48474559e-01	-1.98118063e-06	-5.60056357e-02	-1.72370234e-02	1.94405869e-01	1.94409831e-01	-3.99192630e-02	-5.44521621e-03	1.82316438e-02	1.30242915e-01
133             	3.87431755e-01	-4.33829693e-02	1.39207210e-01	-2.07041498e-06	-5.24590452e-02	-1.64709684e-02	1.93713807e-01	1.93717948e-01	-3.81624530e-02	-5.22051622e-03	1.71445596e-02	1.22062650e-01
134             	3.85696208e-01	-4.12522953e-02	1.29524468e-01	-2.15436397e-06	-4.87631946e-02	-1.56502572e-02	1.92845949e-01	1.92850258e-01	-3.62764049e-02	-4.97589040e-03	1.59990395e-02	1.13525429e-01
135             	3.83661800e-01	-3.90100461e-02	1.19522363e-01	-2.23364387e-06	-4.49554219e-02	-1.47894215e-02	1.91828666e-01	1.91833133e-01	-3.42944445e-02	-4.71560152e-03	1.48057594e-02	1.04716603e-01
136             	3.81480153e-01	-3.66690560e-02	1.09248043e-01	-2.30804762e-06	-4.10547874e-02	-1.38937090e-02	1.90737769e-01	1.90742385e-01	-3.22282370e-02	-4.44081901e-03	1.35692341e-02	9.56788089e-02
137             	3.79203453e-01	-3.42601297e-02	9.88179030e-02	-2.37778768e-06	-3.71060411e-02	-1.29748885e-02	1.89599349e-01	1.89604104e-01	-3.01049534e-02	-4.15517629e-03	1.23029104e-02	8.65149926e-02
138             	3.76842646e-01	-3.18198638e-02	8.83563760e-02	-2.44371590e-06	-3.31565135e-02	-1.20470927e-02	1.88418879e-01	1.88423767e-01	-2.79570245e-02	-3.86283922e-03	1.10216745e-02	7.73347015e-02
139             	3.74372066e-01	-2.93912615e-02	7.80179429e-02	-2.50466535e-06	-2.92646458e-02	-1.11267492e-02	1.87183529e-01	1.87188538e-01	-2.58223800e-02	-3.56888157e-03	9.74432564e-03	6.82736173e-02
140             	3.71757932e-01	-2.70146965e-02	6.79618170e-02	-2.56037241e-06	-2.54905012e-02	-1.02290578e-02	1.85876406e-01	1.85881526e-01	-2.37364060e-02	-3.27829049e-03	8.49040726e-03	5.94714097e-02
141             	3.68936693e-01	-2.47081939e-02	5.83777532e-02	-2.61105611e-06	-2.19052823e-02	-9.36055097e-03	1.84465736e-01	1.84470958e-01	-2.17146479e-02	-2.99354600e-03	7.28359433e-03	5.10941589e-02
142             	3.65983046e-01	-2.24883147e-02	4.93919866e-02	-2.65657709e-06	-1.85561488e-02	-8.52725384e-03	1.82988867e-01	1.82994180e-01	-1.97714112e-02	-2.71690349e-03	6.13984454e-03	4.32521421e-02
143             	3.63011135e-01	-2.03747110e-02	4.10708496e-02	-2.69430339e-06	-1.54672390e-02	-7.73635476e-03	1.81502873e-01	1.81508262e-01	-1.79237103e-02	-2.45100075e-03	5.06818576e-03	3.60026638e-02
144             	3.60178756e-01	-1.83929851e-02	3.34496431e-02	-2.72431945e-06	-1.26502500e-02	-6.99717896e-03	1.80086654e-01	1.80092102e-01	-1.61936715e-02	-2.19931360e-03	4.07457154e-03	2.93750715e-02
145             	3.57538400e-01	-1.65664630e-02	2.65986421e-02	-2.74491583e-06	-1.01298159e-02	-6.31815392e-03	1.78766455e-01	1.78771945e-01	-1.46013854e-02	-1.96507759e-03	3.16950511e-03	2.34291369e-02
146             	3.55122008e-01	-1.49249697e-02	2.05951544e-02	-2.75286695e-06	-7.93275783e-03	-5.71008419e-03	1.77558251e-01	1.77563757e-01	-1.31725690e-02	-1.75240066e-03	2.36481934e-03	1.82303350e-02
147             	3.52906819e-01	-1.34800208e-02	1.55084446e-02	-2.74714845e-06	-6.08292256e-03	-5.17682451e-03	1.76450663e-01	1.76456157e-01	-1.19168349e-02	-1.56318591e-03	1.67129975e-03	1.38371449e-02
148             	3.50719837e-01	-1.22284874e-02	1.14306034e-02	-2.72535033e-06	-4.61337812e-03	-4.71672596e-03	1.75357193e-01	1.75362644e-01	-1.08309697e-02	-1.39751775e-03	1.10192360e-03	1.03286798e-02
149             	3.48479793e-01	-1.11603725e-02	8.38688200e-03	-2.68748457e-06	-3.53176856e-03	-4.32548256e-03	1.74237209e-01	1.74242584e-01	-9.90566883e-03	-1.25470372e-03	6.61672441e-04	7.72520956e-03
150             	3.46285271e-01	-1.02717383e-02	6.32166674e-03	-2.63321289e-06	-2.81586311e-03	-4.00115099e-03	1.73140002e-01	1.73145269e-01	-9.13702013e-03	-1.13471815e-03	3.44970258e-04	5.97669648e-03
151             	3.44310313e-01	-9.56358313e-03	5.12612049e-03	-2.56549643e-06	-2.42327547e-03	-3.74375532e-03	1.72152591e-01	1.72157722e-01	-8.52554688e-03	-1.03803625e-03	1.39784773e-04	4.98633571e-03
152             	3.42620793e-01	-9.02379696e-03	4.72499434e-03	-2.48581903e-06	-2.32392646e-03	-3.54862994e-03	1.71307911e-01	1.71312882e-01	-8.06052842e-03	-9.63268540e-04	3.85707100e-05	4.68642363e-03
153             	3.41228966e-01	-8.64298755e-03	5.03188226e-03	-2.39580860e-06	-2.48379801e-03	-3.41216498e-03	1.70612087e-01	1.70616879e-01	-7.73365875e-03	-9.09328800e-04	3.21431244e-05	4.99973914e-03
154             	3.40114467e-01	-8.41102985e-03	5.97635467e-03	-2.29871782e-06	-2.87522589e-03	-3.33061092e-03	1.70054935e-01	1.70059532e-01	-7.53612585e-03	-8.74903998e-04	1.12951444e-04	5.86340323e-03
155             	3.39149376e-01	-8.31864384e-03	7.52880356e-03	-2.19758931e-06	-3.48640700e-03	-3.30054383e-03	1.69572490e-01	1.69576885e-01	-7.45986575e-03	-8.58778089e-04	2.77994777e-04	7.25080878e-03
156             	3.38120445e-01	-8.35003262e-03	9.67312939e-03	-2.09251659e-06	-4.31116697e-03	-3.31602498e-03	1.69058130e-01	1.69062315e-01	-7.49104129e-03	-8.58991331e-04	5.25397726e-04	9.14773166e-03
157             	3.36923340e-01	-8.49260644e-03	1.23684995e-02	-1.98616283e-06	-5.33436895e-03	-3.37220049e-03	1.68459684e-01	1.68463656e-01	-7.61850372e-03	-8.74102727e-04	8.49880815e-04	1.15186187e-02
158             	3.35592068e-01	-8.71505987e-03	1.55046543e-02	-1.87871253e-06	-6.51508196e-03	-3.45726733e-03	1.67794155e-01	1.67797912e-01	-7.81479726e-03	-9.00262608e-04	1.23724520e-03	1.42674091e-02
159             	3.34185433e-01	-9.00536039e-03	1.89632082e-02	-1.76944838e-06	-7.80962145e-03	-3.56684984e-03	1.67090947e-01	1.67094486e-01	-8.06953004e-03	-9.35830354e-04	1.67198263e-03	1.72912255e-02
160             	3.32873914e-01	-9.36657510e-03	2.26095479e-02	-1.65876041e-06	-9.16830077e-03	-3.70231470e-03	1.66435298e-01	1.66438616e-01	-8.38560225e-03	-9.80972846e-04	2.13647318e-03	2.04730747e-02
161             	3.31684128e-01	-9.79876961e-03	2.63863843e-02	-1.54697196e-06	-1.05708306e-02	-3.86390291e-03	1.65840517e-01	1.65843611e-01	-8.76328772e-03	-1.03548189e-03	2.62236152e-03	2.37640228e-02
162             	3.30528570e-01	-1.03004983e-02	3.02736332e-02	-1.43505054e-06	-1.20110465e-02	-4.05128002e-03	1.65262850e-01	1.65265720e-01	-9.20152919e-03	-1.09896915e-03	3.12577015e-03	2.71478631e-02
163             	3.29304239e-01	-1.08578888e-02	3.42541571e-02	-1.32359998e-06	-1.34839778e-02	-4.25937822e-03	1.64650796e-01	1.64653443e-01	-9.68832260e-03	-1.16956616e-03	3.64310078e-03	3.06110564e-02
164             	3.28041253e-01	-1.14450577e-02	3.82841636e-02	-1.21533863e-06	-1.49745377e-02	-4.47850080e-03	1.64019411e-01	1.64021842e-01	-1.02010297e-02	-1.24402806e-03	4.16754408e-03	3.41166195e-02
165             	3.26807275e-01	-1.20351190e-02	4.23232914e-02	-1.11310540e-06	-1.64687164e-02	-4.69848756e-03	1.63402525e-01	1.63404751e-01	-1.07160471e-02	-1.31907194e-03	4.69292931e-03	3.76303621e-02
166             	3.25696612e-01	-1.26120577e-02	4.62917473e-02	-1.02063601e-06	-1.79372025e-02	-4.91334038e-03	1.62847285e-01	1.62849327e-01	-1.12193692e-02	-1.39268846e-03	5.20867111e-03	4.10830762e-02
167             	3.24743417e-01	-1.31703014e-02	5.01373366e-02	-9.37605295e-07	-1.93607430e-02	-5.12101559e-03	1.62370771e-01	1.62372646e-01	-1.17061663e-02	-1.46413514e-03	5.70792529e-03	4.44294113e-02
168             	3.23933445e-01	-1.37159878e-02	5.38372291e-02	-8.63005877e-07	-2.07309956e-02	-5.32388445e-03	1.61965860e-01	1.61967586e-01	-1.21818783e-02	-1.53410944e-03	6.18761900e-03	4.76496101e-02
169             	3.23252997e-01	-1.42541840e-02	5.73586629e-02	-7.96426865e-07	-2.20358513e-02	-5.52396626e-03	1.61625702e-01	1.61627295e-01	-1.26510582e-02	-1.60312572e-03	6.64348015e-03	5.07151827e-02
170             	3.22690857e-01	-1.47739111e-02	6.06611741e-02	-7.35895289e-07	-2.32603142e-02	-5.71720412e-03	1.61344693e-01	1.61346164e-01	-1.31041597e-02	-1.66975142e-03	7.07027285e-03	5.35909012e-02
171             	3.22288332e-01	-1.52668844e-02	6.36969364e-02	-6.81631473e-07	-2.43863527e-02	-5.90055627e-03	1.61143484e-01	1.61144847e-01	-1.35339985e-02	-1.73288593e-03	7.46211554e-03	5.62348209e-02
172             	3.22069072e-01	-1.57329063e-02	6.64156927e-02	-6.33138891e-07	-2.53948782e-02	-6.07406887e-03	1.61033903e-01	1.61035169e-01	-1.39405220e-02	-1.79238430e-03	7.81296821e-03	5.86027245e-02
173             	3.22042584e-01	-1.61666437e-02	6.87823146e-02	-5.89550755e-07	-2.62725177e-02	-6.23569008e-03	1.61020702e-01	1.61021881e-01	-1.43190120e-02	-1.84763179e-03	8.11863957e-03	6.06636750e-02
174             	3.22164459e-01	-1.65604873e-02	7.07740425e-02	-5.50332461e-07	-2.70106075e-02	-6.38249589e-03	1.61081679e-01	1.61082780e-01	-1.46627395e-02	-1.89774776e-03	8.37641373e-03	6.23976288e-02
175             	3.22392981e-01	-1.69130643e-02	7.23849892e-02	-5.14434981e-07	-2.76069247e-02	-6.51385600e-03	1.61195976e-01	1.61197005e-01	-1.49703881e-02	-1.94267614e-03	8.58556987e-03	6.37994193e-02
176             	3.22705840e-01	-1.72263205e-02	7.36097816e-02	-4.81465546e-07	-2.80595198e-02	-6.63050940e-03	1.61352438e-01	1.61353401e-01	-1.52436697e-02	-1.98265086e-03	8.74537095e-03	6.48644106e-02
177             	3.23096017e-01	-1.74971161e-02	7.44501938e-02	-4.50949705e-07	-2.83690934e-02	-6.73135642e-03	1.61547557e-01	1.61548459e-01	-1.54799145e-02	-2.01720162e-03	8.85600354e-03	6.55941903e-02
178             	3.23546645e-01	-1.77264260e-02	7.49224951e-02	-4.23184520e-07	-2.85418217e-02	-6.81678991e-03	1.61772900e-01	1.61773746e-01	-1.56800029e-02	-2.04642308e-03	8.91942581e-03	6.60030693e-02
179             	3.24031193e-01	-1.79138753e-02	7.50562567e-02	-3.98173175e-07	-2.85887960e-02	-6.88671868e-03	1.62015198e-01	1.62015994e-01	-1.58436563e-02	-2.07021894e-03	8.93933240e-03	6.61169243e-02
180             	3.24502641e-01	-1.80683291e-02	7.48985307e-02	-3.77286173e-07	-2.85277427e-02	-6.94450797e-03	1.62250943e-01	1.62251698e-01	-1.59786725e-02	-2.08965660e-03	8.92152262e-03	6.59770081e-02
181             	3.24911853e-01	-1.81942502e-02	7.44968953e-02	-3.60109003e-07	-2.83765598e-02	-6.99183318e-03	1.62455567e-01	1.62456287e-01	-1.60889583e-02	-2.10529193e-03	8.87188790e-03	6.56250074e-02
182             	3.25204169e-01	-1.82975060e-02	7.39120623e-02	-3.46419992e-07	-2.81582242e-02	-7.03087144e-03	1.62601738e-01	1.62602431e-01	-1.61796244e-02	-2.11788157e-03	8.79780694e-03	6.51142553e-02
183             	3.25369685e-01	-1.83820229e-02	7.31975207e-02	-3.35817232e-07	-2.78928671e-02	-7.06304015e-03	1.62684507e-01	1.62685178e-01	-1.62540516e-02	-2.12797128e-03	8.70589321e-03	6.44916275e-02
184             	3.25444650e-01	-1.84507714e-02	7.23990925e-02	-3.28266835e-07	-2.75976727e-02	-7.08942899e-03	1.62721997e-01	1.62722653e-01	-1.63148147e-02	-2.13595672e-03	8.60187354e-03	6.37972190e-02
185             	3.25489407e-01	-1.85065297e-02	7.15527341e-02	-3.23324402e-07	-2.72860354e-02	-7.11104120e-03	1.62744380e-01	1.62745027e-01	-1.63643060e-02	-2.14222365e-03	8.49033163e-03	6.30624024e-02
186             	3.25538041e-01	-1.85518894e-02	7.06938500e-02	-3.20746346e-07	-2.69710819e-02	-7.12884112e-03	1.62768700e-01	1.62769341e-01	-1.64047858e-02	-2.14710357e-03	8.37584309e-03	6.23180069e-02
187             	3.25598264e-01	-1.85895071e-02	6.98579452e-02	-3.20179957e-07	-2.66659088e-02	-7.14377999e-03	1.62798812e-01	1.62799452e-01	-1.64385335e-02	-2.15097356e-03	8.26306376e-03	6.15948814e-02
188             	3.25657706e-01	-1.86223939e-02	6.90784001e-02	-3.21500223e-07	-2.63828340e-02	-7.15696033e-03	1.62828531e-01	1.62829174e-01	-1.64681573e-02	-2.15423659e-03	8.15636606e-03	6.09220340e-02
189             	3.25698331e-01	-1.86533990e-02	6.83809153e-02	-3.24207867e-07	-2.61312646e-02	-7.16943260e-03	1.62848841e-01	1.62849490e-01	-1.64961321e-02	-2.15726690e-03	8.05919306e-03	6.03217223e-02
190             	3.25714980e-01	-1.86851972e-02	6.77854978e-02	-3.28662469e-07	-2.59185063e-02	-7.18219680e-03	1.62857161e-01	1.62857819e-01	-1.65247954e-02	-2.16040180e-03	7.97424259e-03	5.98112552e-02
191             	3.25716740e-01	-1.87184661e-02	6.73045070e-02	-3.34311208e-07	-2.57489592e-02	-7.19549037e-03	1.62858036e-01	1.62858704e-01	-1.65547234e-02	-2.16374267e-03	7.90329431e-03	5.94012127e-02
192             	3.25725274e-01	-1.87540162e-02	6.69417100e-02	-3.41365431e-07	-2.56237977e-02	-7.20960940e-03	1.62862296e-01	1.62862978e-01	-1.65866175e-02	-2.16739870e-03	7.84705727e-03	5.90946528e-02
193             	3.25759429e-01	-1.87929403e-02	6.66965496e-02	-3.49467449e-07	-2.55425279e-02	-7.22495576e-03	1.62879365e-01	1.62880064e-01	-1.66214259e-02	-2.17151437e-03	7.80574695e-03	5.88908027e-02
194             	3.25822141e-01	-1.88362560e-02	6.65656260e-02	-3.58498251e-07	-2.55036297e-02	-7.24193663e-03	1.62910712e-01	1.62911429e-01	-1.66600646e-02	-2.17619138e-03	7.77918328e-03	5.87864428e-02
195             	3.25901930e-01	-1.88850859e-02	6.65440547e-02	-3.68344450e-07	-2.55050666e-02	-7.26099401e-03	1.62950597e-01	1.62951333e-01	-1.67035369e-02	-2.18154893e-03	7.76696076e-03	5.87770939e-02
196             	3.25982858e-01	-1.89404756e-02	6.66284926e-02	-3.79154830e-07	-2.55454694e-02	-7.28254701e-03	1.62991050e-01	1.62991808e-01	-1.67527848e-02	-2.18769081e-03	7.76877689e-03	5.88597157e-02
197             	3.26053762e-01	-1.90028851e-02	6.68130477e-02	-3.90468917e-07	-2.56225389e-02	-7.30678022e-03	1.63026491e-01	1.63027272e-01	-1.68082228e-02	-2.19466232e-03	7.78398495e-03	5.90290627e-02
198             	3.26112878e-01	-1.90725278e-02	6.70879091e-02	-4.02313677e-07	-2.57325617e-02	-7.33380343e-03	1.63056037e-01	1.63056841e-01	-1.68700673e-02	-2.20246047e-03	7.81139279e-03	5.92765163e-02
199             	3.26162458e-01	-1.91496696e-02	6.74415607e-02	-4.14343265e-07	-2.58711946e-02	-7.36372956e-03	1.63080815e-01	1.63081643e-01	-1.69385644e-02	-2.21110524e-03	7.84958578e-03	5.95919749e-02
200             	3.26207190e-01	-1.92349994e-02	6.78621758e-02	-4.26532690e-07	-2.60340127e-02	-7.39683279e-03	1.63103169e-01	1.63104022e-01	-1.70143325e-02	-2.22066690e-03	7.89707516e-03	5.99651007e-02
201             	3.26248113e-01	-1.93287615e-02	6.83388823e-02	-4.38458790e-07	-2.62169477e-02	-7.43320202e-03	1.63123618e-01	1.63124495e-01	-1.70975828e-02	-2.23117875e-03	7.95249341e-03	6.03863889e-02
202             	3.26284541e-01	-1.94311493e-02	6.88621069e-02	-4.50031193e-07	-2.64164446e-02	-7.47291080e-03	1.63141821e-01	1.63142721e-01	-1.71884854e-02	-2.24266383e-03	8.01460890e-03	6.08474980e-02
203             	3.26315671e-01	-1.95422962e-02	6.94212684e-02	-4.60884217e-07	-2.66285563e-02	-7.51598431e-03	1.63157375e-01	1.63158296e-01	-1.72871324e-02	-2.25516380e-03	8.08207793e-03	6.13391905e-02
204             	3.26341719e-01	-1.96623336e-02	7.00067372e-02	-4.70840768e-07	-2.68497259e-02	-7.56245467e-03	1.63170389e-01	1.63171330e-01	-1.73936215e-02	-2.26871213e-03	8.15364269e-03	6.18530945e-02
205             	3.26363329e-01	-1.97907230e-02	7.06092981e-02	-4.79424815e-07	-2.70765463e-02	-7.61208957e-03	1.63181185e-01	1.63182144e-01	-1.75074511e-02	-2.28327192e-03	8.22810276e-03	6.23811953e-02
206             	3.26381779e-01	-1.99271472e-02	7.12209043e-02	-4.86566389e-07	-2.73060642e-02	-7.66474744e-03	1.63190403e-01	1.63191376e-01	-1.76283210e-02	-2.29882615e-03	8.30438799e-03	6.29165164e-02
207             	3.26398861e-01	-2.00709072e-02	7.18321155e-02	-4.91948544e-07	-2.75347657e-02	-7.72013321e-03	1.63198939e-01	1.63199922e-01	-1.77555868e-02	-2.31532040e-03	8.38129201e-03	6.34508234e-02
208             	3.26415006e-01	-2.02220573e-02	7.24353666e-02	-4.95572504e-07	-2.77598722e-02	-7.77825195e-03	1.63207007e-01	1.63207999e-01	-1.78892806e-02	-2.33277670e-03	8.45781112e-03	6.39775555e-02
209             	3.26431479e-01	-2.03799110e-02	7.30236252e-02	-4.97328561e-07	-2.79787950e-02	-7.83881970e-03	1.63215242e-01	1.63216237e-01	-1.80287752e-02	-2.35113579e-03	8.53301762e-03	6.44906076e-02
210             	3.26453189e-01	-2.05435182e-02	7.35888154e-02	-4.97339042e-07	-2.81885740e-02	-7.90146729e-03	1.63226097e-01	1.63227092e-01	-1.81732264e-02	-2.37029181e-03	8.60583370e-03	6.49829817e-02
211             	3.26483677e-01	-2.07122478e-02	7.41228058e-02	-4.95481631e-07	-2.83862141e-02	-7.96594094e-03	1.63241343e-01	1.63242334e-01	-1.83220648e-02	-2.39018295e-03	8.67518880e-03	6.54476170e-02
212             	3.26528103e-01	-2.08841253e-02	7.46177743e-02	-4.92090103e-07	-2.85688436e-02	-8.03148557e-03	1.63263559e-01	1.63264544e-01	-1.84735482e-02	-2.41057708e-03	8.74004353e-03	6.58777308e-02
213             	3.26589841e-01	-2.10568844e-02	7.50662396e-02	-4.87100175e-07	-2.87336899e-02	-8.09722869e-03	1.63294434e-01	1.63295408e-01	-1.86256709e-02	-2.43121353e-03	8.79942993e-03	6.62668097e-02
214             	3.26666945e-01	-2.12285171e-02	7.54623683e-02	-4.80725871e-07	-2.88786104e-02	-8.16240533e-03	1.63332992e-01	1.63333953e-01	-1.87766639e-02	-2.45185321e-03	8.85257375e-03	6.66097946e-02
215             	3.26758097e-01	-2.13968509e-02	7.57992528e-02	-4.73063864e-07	-2.90010449e-02	-8.22618179e-03	1.63378575e-01	1.63379521e-01	-1.89246072e-02	-2.47224366e-03	8.89858151e-03	6.69006713e-02
216             	3.26861242e-01	-2.15601392e-02	7.60718707e-02	-4.64359159e-07	-2.90991658e-02	-8.28790170e-03	1.63430157e-01	1.63431085e-01	-1.90679713e-02	-2.49216789e-03	8.93676955e-03	6.71351012e-02
217             	3.26975546e-01	-2.17164532e-02	7.62756635e-02	-4.54709625e-07	-2.91712988e-02	-8.34683613e-03	1.63487318e-01	1.63488228e-01	-1.92050627e-02	-2.51139049e-03	8.96653298e-03	6.73091306e-02
218             	3.27101004e-01	-2.18648387e-02	7.64065475e-02	-4.44406942e-07	-2.92159631e-02	-8.40263773e-03	1.63550057e-01	1.63550946e-01	-1.93350571e-02	-2.52978162e-03	8.98731063e-03	6.74192369e-02
219             	3.27237623e-01	-2.20042073e-02	7.64607001e-02	-4.33543986e-07	-2.92317479e-02	-8.45489938e-03	1.63618378e-01	1.63619245e-01	-1.94570030e-02	-2.54720426e-03	8.99860220e-03	6.74620979e-02
220             	3.27384781e-01	-2.21331750e-02	7.64353814e-02	-4.22362535e-07	-2.92176554e-02	-8.50310705e-03	1.63691968e-01	1.63692813e-01	-1.95696946e-02	-2.56348047e-03	9.00003526e-03	6.74353461e-02
221             	3.27539726e-01	-2.22499132e-02	7.63285319e-02	-4.10927406e-07	-2.91729213e-02	-8.54657149e-03	1.63769452e-01	1.63770274e-01	-1.96715281e-02	-2.57838513e-03	8.99134465e-03	6.73371873e-02
222             	3.27696950e-01	-2.23528096e-02	7.61406006e-02	-3.99563106e-07	-2.90977546e-02	-8.58469590e-03	1.63848075e-01	1.63848875e-01	-1.97611007e-02	-2.59170888e-03	8.97254565e-03	6.71680549e-02
223             	3.27848901e-01	-2.24410370e-02	7.58740872e-02	-3.88336903e-07	-2.89931314e-02	-8.61717700e-03	1.63924062e-01	1.63924839e-01	-1.98376955e-02	-2.60334152e-03	8.94391219e-03	6.69301750e-02
224             	3.27991637e-01	-2.25141245e-02	7.55317749e-02	-3.77513990e-07	-2.88601362e-02	-8.64385642e-03	1.63995441e-01	1.63996196e-01	-1.99009187e-02	-2.61320585e-03	8.90575121e-03	6.66260237e-02
225             	3.28123699e-01	-2.25711689e-02	7.51172886e-02	-3.67134007e-07	-2.87001500e-02	-8.66440491e-03	1.64061482e-01	1.64062217e-01	-1.99499893e-02	-2.62117951e-03	8.85849427e-03	6.62587943e-02
226             	3.28244096e-01	-2.26115772e-02	7.46343601e-02	-3.57411802e-07	-2.85146109e-02	-8.67861972e-03	1.64121691e-01	1.64122406e-01	-1.99844083e-02	-2.62716888e-03	8.80256919e-03	6.58317910e-02
227             	3.28351269e-01	-2.26349624e-02	7.40882174e-02	-3.48354847e-07	-2.83055038e-02	-8.68636846e-03	1.64175286e-01	1.64175983e-01	-2.00038496e-02	-2.63111273e-03	8.73860492e-03	6.53496125e-02
228             	3.28441811e-01	-2.26420746e-02	7.34867610e-02	-3.40183365e-07	-2.80758380e-02	-8.68795387e-03	1.64220565e-01	1.64221245e-01	-2.00089912e-02	-2.63308341e-03	8.66754254e-03	6.48192185e-02
229             	3.28514231e-01	-2.26326818e-02	7.28369149e-02	-3.32843881e-07	-2.78282224e-02	-8.68329766e-03	1.64256783e-01	1.64257449e-01	-1.99996386e-02	-2.63304324e-03	8.59023506e-03	6.42466798e-02
230             	3.28566553e-01	-2.26075776e-02	7.21472352e-02	-3.26460108e-07	-2.75659006e-02	-8.67271812e-03	1.64282950e-01	1.64283603e-01	-1.99765069e-02	-2.63107070e-03	8.50771705e-03	6.36395182e-02
231             	3.28598690e-01	-2.25670898e-02	7.14261673e-02	-3.20965287e-07	-2.72920500e-02	-8.65634976e-03	1.64299024e-01	1.64299666e-01	-1.99398946e-02	-2.62719513e-03	8.42103361e-03	6.30051336e-02
232             	3.28610436e-01	-2.25119132e-02	7.06826379e-02	-3.16433599e-07	-2.70100450e-02	-8.63447618e-03	1.64304902e-01	1.64305535e-01	-1.98904328e-02	-2.62148043e-03	8.33127400e-03	6.23513639e-02
233             	3.28602138e-01	-2.24431978e-02	6.99245329e-02	-3.12731392e-07	-2.67228533e-02	-8.60754453e-03	1.64300756e-01	1.64301382e-01	-1.98291434e-02	-2.61405435e-03	8.23941319e-03	6.16851197e-02
234             	3.28575849e-01	-2.23622591e-02	6.91596168e-02	-3.09904295e-07	-2.64334032e-02	-8.57606494e-03	1.64287615e-01	1.64288235e-01	-1.97571945e-02	-2.60506461e-03	8.14640524e-03	6.10132115e-02
235             	3.28533155e-01	-2.22705536e-02	6.83954925e-02	-3.07731542e-07	-2.61445399e-02	-8.54059350e-03	1.64266270e-01	1.64266885e-01	-1.96758703e-02	-2.59468329e-03	8.05320637e-03	6.03422861e-02
236             	3.28471857e-01	-2.21698418e-02	6.76407239e-02	-3.06342801e-07	-2.58594811e-02	-8.50180892e-03	1.64235622e-01	1.64236235e-01	-1.95867298e-02	-2.58311196e-03	7.96088089e-03	5.96798430e-02
237             	3.28392804e-01	-2.20620216e-02	6.69028319e-02	-3.05578945e-07	-2.55810389e-02	-8.46043550e-03	1.64196096e-01	1.64196707e-01	-1.94914463e-02	-2.57057531e-03	7.87037706e-03	5.90324549e-02
238             	3.28298665e-01	-2.19487549e-02	6.61865079e-02	-3.05457818e-07	-2.53109460e-02	-8.41711039e-03	1.64149027e-01	1.64149638e-01	-1.93914878e-02	-2.55726707e-03	7.78230793e-03	5.84042000e-02
239             	3.28193161e-01	-2.18320641e-02	6.54963438e-02	-3.05849381e-07	-2.50508911e-02	-8.37259863e-03	1.64096275e-01	1.64096886e-01	-1.92886307e-02	-2.54343341e-03	7.69728082e-03	5.77990629e-02
240             	3.28078808e-01	-2.17140137e-02	6.48370172e-02	-3.06716992e-07	-2.48026091e-02	-8.32768578e-03	1.64039097e-01	1.64039711e-01	-1.91846926e-02	-2.52932107e-03	7.61589949e-03	5.72211177e-02
241             	3.27957166e-01	-2.15962164e-02	6.42120744e-02	-3.07900404e-07	-2.45673980e-02	-8.28297801e-03	1.63978275e-01	1.63978891e-01	-1.90810862e-02	-2.51513016e-03	7.53863919e-03	5.66734353e-02
242             	3.27828974e-01	-2.14801962e-02	6.36243399e-02	-3.09321973e-07	-2.43462897e-02	-8.23905050e-03	1.63914178e-01	1.63914796e-01	-1.89791486e-02	-2.50104757e-03	7.46588023e-03	5.61584597e-02
243             	3.27694485e-01	-2.13673274e-02	6.30753981e-02	-3.10799215e-07	-2.41398365e-02	-8.19641359e-03	1.63846932e-01	1.63847553e-01	-1.88800773e-02	-2.48725008e-03	7.39786255e-03	5.56775355e-02
244             	3.27554175e-01	-2.12590458e-02	6.25661015e-02	-3.12332989e-07	-2.39483242e-02	-8.15560432e-03	1.63776775e-01	1.63777400e-01	-1.87851272e-02	-2.47391859e-03	7.33472658e-03	5.52313749e-02
245             	3.27408983e-01	-2.11566492e-02	6.20962612e-02	-3.13798405e-07	-2.37716448e-02	-8.11710502e-03	1.63704177e-01	1.63704805e-01	-1.86954296e-02	-2.46121957e-03	7.27648581e-03	5.48197754e-02
246             	3.27260876e-01	-2.10614035e-02	6.16655004e-02	-3.15239251e-07	-2.36096303e-02	-8.08139078e-03	1.63630123e-01	1.63630753e-01	-1.86120926e-02	-2.44931099e-03	7.22311993e-03	5.44423805e-02
247             	3.27112137e-01	-2.09744095e-02	6.12726827e-02	-3.16469583e-07	-2.34618187e-02	-8.04886937e-03	1.63555752e-01	1.63556385e-01	-1.85360741e-02	-2.43833540e-03	7.17452270e-03	5.40981600e-02
248             	3.26963653e-01	-2.08967037e-02	6.09166341e-02	-3.17522336e-07	-2.33277495e-02	-8.01992810e-03	1.63481509e-01	1.63482144e-01	-1.84682799e-02	-2.42842374e-03	7.13056757e-03	5.37860665e-02
249             	3.26815732e-01	-2.08289820e-02	6.05951695e-02	-3.18275892e-07	-2.32065770e-02	-7.99482118e-03	1.63407548e-01	1.63408184e-01	-1.84093122e-02	-2.41966985e-03	7.09100774e-03	5.35041617e-02
250             	3.26668257e-01	-2.07718433e-02	6.03059630e-02	-3.18761202e-07	-2.30974155e-02	-7.97376850e-03	1.63333810e-01	1.63334447e-01	-1.83596902e-02	-2.41215317e-03	7.05556604e-03	5.32503969e-02
251             	3.26521934e-01	-2.07255468e-02	6.00467295e-02	-3.18882670e-07	-2.29993907e-02	-7.95685699e-03	1.63260648e-01	1.63261286e-01	-1.83196304e-02	-2.40591640e-03	7.02397403e-03	5.30227555e-02
252             	3.26377437e-01	-2.06900847e-02	5.98149166e-02	-3.18679235e-07	-2.29115353e-02	-7.94408101e-03	1.63188400e-01	1.63189037e-01	-1.82891234e-02	-2.40096134e-03	6.99592299e-03	5.28189936e-02
253             	3.26235529e-01	-2.06655719e-02	5.96080930e-02	-3.18061730e-07	-2.28329302e-02	-7.93547339e-03	1.63117447e-01	1.63118083e-01	-1.82682593e-02	-2.39731255e-03	6.97111631e-03	5.26369767e-02
254             	3.26096890e-01	-2.06523837e-02	5.94241926e-02	-3.17076102e-07	-2.27628083e-02	-7.93116511e-03	1.63048128e-01	1.63048762e-01	-1.82573570e-02	-2.39502674e-03	6.94928803e-03	5.24749046e-02
255             	3.25961649e-01	-2.06505041e-02	5.92606374e-02	-3.15665586e-07	-2.27002048e-02	-7.93114148e-03	1.62980509e-01	1.62981140e-01	-1.82563936e-02	-2.39411059e-03	6.93011390e-03	5.23305235e-02
256             	3.25830242e-01	-2.06597878e-02	5.91149412e-02	-3.13910210e-07	-2.26441985e-02	-7.93534335e-03	1.62914807e-01	1.62915435e-01	-1.82652372e-02	-2.39455054e-03	6.91327211e-03	5.22016691e-02
257             	3.25703295e-01	-2.06798344e-02	5.89843969e-02	-3.11744138e-07	-2.25937772e-02	-7.94360963e-03	1.62851336e-01	1.62851959e-01	-1.82835268e-02	-2.39630756e-03	6.89842130e-03	5.20859756e-02
258             	3.25581240e-01	-2.07102403e-02	5.88669310e-02	-3.09252052e-07	-2.25481773e-02	-7.95578090e-03	1.62790311e-01	1.62790929e-01	-1.83109010e-02	-2.39933924e-03	6.88528816e-03	5.19816428e-02
259             	3.25464094e-01	-2.07503622e-02	5.87604438e-02	-3.06433180e-07	-2.25066200e-02	-7.97160646e-03	1.62731741e-01	1.62732353e-01	-1.83467875e-02	-2.40357462e-03	6.87360190e-03	5.18868419e-02
260             	3.25351605e-01	-2.07997249e-02	5.86633113e-02	-3.03356342e-07	-2.24685184e-02	-7.99090641e-03	1.62675499e-01	1.62676106e-01	-1.83907689e-02	-2.40895605e-03	6.86313727e-03	5.18001740e-02
261             	3.25242990e-01	-2.08576264e-02	5.85738158e-02	-2.99992029e-07	-2.24332429e-02	-8.01341088e-03	1.62621195e-01	1.62621795e-01	-1.84422241e-02	-2.41540230e-03	6.85366497e-03	5.17201508e-02
262             	3.25138335e-01	-2.09232662e-02	5.84905943e-02	-2.96432627e-07	-2.24003070e-02	-8.03881530e-03	1.62568871e-01	1.62569464e-01	-1.85004484e-02	-2.42281780e-03	6.84499015e-03	5.16456041e-02
263             	3.25038055e-01	-2.09958509e-02	5.84122560e-02	-2.92673198e-07	-2.23692053e-02	-8.06681577e-03	1.62518735e-01	1.62519320e-01	-1.85647412e-02	-2.43110967e-03	6.83692273e-03	5.15753333e-02
264             	3.24942302e-01	-2.10747237e-02	5.83374688e-02	-2.88767274e-07	-2.23394594e-02	-8.09716633e-03	1.62470862e-01	1.62471440e-01	-1.86345282e-02	-2.44019553e-03	6.82927505e-03	5.15081937e-02
265             	3.24851095e-01	-2.11590967e-02	5.82649207e-02	-2.84711834e-07	-2.23105885e-02	-8.12956961e-03	1.62425263e-01	1.62425832e-01	-1.87091179e-02	-2.44997871e-03	6.82187183e-03	5.14430489e-02
266             	3.24764164e-01	-2.12482771e-02	5.81937216e-02	-2.80595979e-07	-2.22822762e-02	-8.16376819e-03	1.62381802e-01	1.62382363e-01	-1.87879067e-02	-2.46037034e-03	6.81458463e-03	5.13791370e-02
267             	3.24681122e-01	-2.13415368e-02	5.81230403e-02	-2.76428844e-07	-2.22542186e-02	-8.19948761e-03	1.62340285e-01	1.62340838e-01	-1.88702560e-02	-2.47128078e-03	6.80730152e-03	5.13157388e-02
268             	3.24601507e-01	-2.14383112e-02	5.80524398e-02	-2.72310136e-07	-2.22262686e-02	-8.23651801e-03	1.62300481e-01	1.62301026e-01	-1.89556736e-02	-2.48263758e-03	6.79995133e-03	5.12524885e-02
269             	3.24524804e-01	-2.15379415e-02	5.79814104e-02	-2.68249920e-07	-2.21982445e-02	-8.27461060e-03	1.62262134e-01	1.62262670e-01	-1.90435814e-02	-2.49436017e-03	6.79246075e-03	5.11889497e-02
270             	3.24450465e-01	-2.16399853e-02	5.79098508e-02	-2.64350462e-07	-2.21701236e-02	-8.31360321e-03	1.62224968e-01	1.62225497e-01	-1.91335959e-02	-2.50638944e-03	6.78480176e-03	5.11250490e-02
271             	3.24378108e-01	-2.17439494e-02	5.78376096e-02	-2.60597454e-07	-2.21418545e-02	-8.35331235e-03	1.62188794e-01	1.62189315e-01	-1.92252871e-02	-2.51866236e-03	6.77695031e-03	5.10606593e-02
272             	3.24307702e-01	-2.18494446e-02	5.77648835e-02	-2.57059761e-07	-2.21135184e-02	-8.39359632e-03	1.62153594e-01	1.62154108e-01	-1.93183186e-02	-2.53112600e-03	6.76892331e-03	5.09959602e-02
273             	3.24239169e-01	-2.19560279e-02	5.76918588e-02	-2.53733469e-07	-2.20851846e-02	-8.43428961e-03	1.62119331e-01	1.62119838e-01	-1.94123036e-02	-2.54372436e-03	6.76074475e-03	5.09311140e-02
274             	3.24172478e-01	-2.20634579e-02	5.76190052e-02	-2.50695885e-07	-2.20570371e-02	-8.47530618e-03	1.62085988e-01	1.62086490e-01	-1.95070351e-02	-2.55642275e-03	6.75246545e-03	5.08665397e-02
275             	3.24107366e-01	-2.21714820e-02	5.75467311e-02	-2.47906133e-07	-2.20292282e-02	-8.51655342e-03	1.62053435e-01	1.62053931e-01	-1.96022944e-02	-2.56918756e-03	6.74413739e-03	5.08025937e-02
276             	3.24043566e-01	-2.22799224e-02	5.74757037e-02	-2.45402603e-07	-2.20020116e-02	-8.55796944e-03	1.62021537e-01	1.62022028e-01	-1.96979307e-02	-2.58199178e-03	6.73584023e-03	5.07398634e-02
277             	3.23980737e-01	-2.23887078e-02	5.74066450e-02	-2.43163987e-07	-2.19756529e-02	-8.59952953e-03	1.61990125e-01	1.61990612e-01	-1.97938834e-02	-2.59482435e-03	6.72766956e-03	5.06789755e-02
278             	3.23918614e-01	-2.24979430e-02	5.73405450e-02	-2.41244376e-07	-2.19505250e-02	-8.64127820e-03	1.61959066e-01	1.61959548e-01	-1.98902497e-02	-2.60769329e-03	6.71974750e-03	5.06207975e-02
279             	3.23857221e-01	-2.26075873e-02	5.72782171e-02	-2.39584569e-07	-2.19269274e-02	-8.68320154e-03	1.61928371e-01	1.61928850e-01	-1.99869952e-02	-2.62059210e-03	6.71218112e-03	5.05660360e-02
280             	3.23796725e-01	-2.27176713e-02	5.72206278e-02	-2.38213974e-07	-2.19052224e-02	-8.72531475e-03	1.61898124e-01	1.61898601e-01	-2.00841504e-02	-2.63352092e-03	6.70509152e-03	5.05155363e-02
281             	3.23737218e-01	-2.28282266e-02	5.71686391e-02	-2.37076103e-07	-2.18857232e-02	-8.76763030e-03	1.61868372e-01	1.61868846e-01	-2.01817436e-02	-2.64648302e-03	6.69859637e-03	5.04700428e-02
282             	3.23678829e-01	-2.29394147e-02	5.71232071e-02	-2.36214149e-07	-2.18687845e-02	-8.81021255e-03	1.61839179e-01	1.61839651e-01	-2.02799199e-02	-2.65949478e-03	6.69281908e-03	5.04303880e-02
283             	3.23621711e-01	-2.30514857e-02	5.70851351e-02	-2.35563825e-07	-2.18546968e-02	-8.85315629e-03	1.61810620e-01	1.61811091e-01	-2.03788991e-02	-2.67258655e-03	6.68787071e-03	5.03972644e-02
284             	3.23566008e-01	-2.31646952e-02	5.70553229e-02	-2.35155249e-07	-2.18437952e-02	-8.89656135e-03	1.61782769e-01	1.61783239e-01	-2.04789090e-02	-2.68578626e-03	6.68386630e-03	5.03714566e-02
285             	3.23511689e-01	-2.32791670e-02	5.70343923e-02	-2.34915201e-07	-2.18363026e-02	-8.94047437e-03	1.61755610e-01	1.61756079e-01	-2.05800579e-02	-2.69910913e-03	6.68089351e-03	5.03534988e-02
286             	3.23458847e-01	-2.33951558e-02	5.70229709e-02	-2.34871529e-07	-2.18324494e-02	-8.98499426e-03	1.61729189e-01	1.61729658e-01	-2.06825722e-02	-2.71258363e-03	6.67903608e-03	5.03439349e-02
287             	3.23407606e-01	-2.35127657e-02	5.70213995e-02	-2.34936990e-07	-2.18323494e-02	-9.03015823e-03	1.61703568e-01	1.61704038e-01	-2.07865411e-02	-2.72622462e-03	6.67835037e-03	5.03430491e-02
288             	3.23358113e-01	-2.36321850e-02	5.70300615e-02	-2.35131200e-07	-2.18361410e-02	-9.07603765e-03	1.61678821e-01	1.61679291e-01	-2.08921302e-02	-2.74005486e-03	6.67888971e-03	5.03511718e-02
289             	3.23310615e-01	-2.37536753e-02	5.70489889e-02	-2.35386609e-07	-2.18438247e-02	-9.12272904e-03	1.61655072e-01	1.61655543e-01	-2.09995667e-02	-2.75410861e-03	6.68066973e-03	5.03683192e-02
